2.715090000000000003e+01,6.439200000000000479e+00,2.402219999999999800e+01,9.700000000000000000e+01,2.700000000000000000e+02
1.161490000000000045e+01,2.735040000000000404e+01,6.406250000000000000e+01,4.000000000000000000e+00,2.270000000000000000e+02
2.284469999999999956e+01,1.889840000000000231e+01,2.927200000000000024e+00,1.170000000000000000e+02,3.600000000000000000e+01
1.550290000000000035e+01,1.900399999999999778e+01,8.271309999999999718e+01,5.300000000000000000e+01,2.760000000000000000e+02
2.587760000000000105e+01,2.123430000000000106e+01,5.163100000000000733e+01,1.400000000000000000e+01,1.900000000000000000e+01
8.823499999999999233e+00,1.321269999999999989e+01,1.070429999999999993e+01,8.300000000000000000e+01,1.410000000000000000e+02
1.828180000000000049e+01,3.123349999999999582e+01,7.247230000000000416e+01,3.000000000000000000e+00,6.000000000000000000e+00
2.519469999999999743e+01,3.625459999999999638e+01,3.870899999999999608e+01,6.200000000000000000e+01,5.000000000000000000e+01
9.014800000000001035e+00,4.187529999999999575e+01,1.310459999999999958e+01,6.900000000000000000e+01,2.230000000000000000e+02
7.999199999999999200e+00,3.320139999999999958e+01,2.195969999999999800e+01,7.300000000000000000e+01,9.000000000000000000e+00
4.126119999999999521e+01,8.727199999999999847e+00,1.299049999999999905e+01,1.190000000000000000e+02,2.100000000000000000e+02
3.146459999999999724e+01,4.156009999999999849e+01,8.268140000000001066e+01,1.300000000000000000e+01,1.930000000000000000e+02
1.745809999999999818e+01,4.816100000000000136e+01,1.207089999999999996e+01,7.000000000000000000e+01,3.700000000000000000e+01
2.063550000000000040e+01,3.232509999999999906e+01,5.741929999999999268e+01,1.500000000000000000e+01,1.000000000000000000e+02
3.514529999999999887e+01,1.952299999999999969e+01,6.060140000000000526e+01,3.700000000000000000e+01,3.540000000000000000e+02
2.246590000000000131e+01,3.473749999999999716e+01,7.093580000000000041e+01,1.000000000000000000e+00,3.920000000000000000e+02
3.680230000000000246e+01,1.911580000000000013e+01,3.011899999999999800e+00,1.090000000000000000e+02,4.040000000000000000e+02
3.106539999999999679e+01,1.373080000000000211e+01,8.130110000000000525e+01,5.400000000000000000e+01,2.520000000000000000e+02
3.613410000000000366e+01,3.163139999999999930e+01,3.694780000000000086e+01,4.500000000000000000e+01,1.800000000000000000e+01
2.480470000000000041e+01,2.014320000000000022e+01,5.681159999999999854e+01,1.400000000000000000e+01,4.000000000000000000e+00
1.755969999999999942e+01,1.882199999999999918e+01,7.532609999999999673e+01,6.400000000000000000e+01,2.000000000000000000e+01
3.082880000000000109e+01,3.916899999999999693e+01,3.020599999999999952e+00,9.400000000000000000e+01,2.100000000000000000e+01
1.904659999999999798e+01,4.690780000000000172e+01,1.863729999999999976e+01,7.000000000000000000e+01,2.200000000000000000e+01
2.614040000000000319e+01,2.216570000000000107e+01,2.741000000000000103e+00,1.170000000000000000e+02,2.000000000000000000e+00
3.582000000000000028e+01,3.904429999999999978e+01,8.690679999999998984e+01,2.700000000000000000e+01,2.400000000000000000e+01
3.438450000000000273e+01,3.233489999999999753e+01,4.138179999999999836e+01,4.500000000000000000e+01,3.830000000000000000e+02
2.746140000000000114e+01,1.960719999999999885e+01,4.429480000000000217e+01,5.200000000000000000e+01,2.940000000000000000e+02
2.082700000000000173e+01,6.519199999999999662e+00,1.529699999999999882e+01,9.100000000000000000e+01,2.700000000000000000e+01
2.775179999999999936e+01,1.623839999999999861e+01,6.075970000000000226e+01,2.200000000000000000e+01,1.600000000000000000e+02
1.400579999999999892e+01,2.841139999999999688e+01,9.064849999999999852e+01,1.800000000000000000e+01,2.200000000000000000e+02
1.279619999999999891e+01,2.895710000000000406e+01,3.112139999999999773e+01,6.600000000000000000e+01,3.910000000000000000e+02
3.314999999999999858e+01,3.498850000000000193e+01,5.893099999999999739e+01,1.600000000000000000e+01,3.440000000000000000e+02
3.544559999999999889e+01,4.854609999999999559e+01,1.025380000000000003e+01,9.300000000000000000e+01,3.340000000000000000e+02
8.371599999999999042e+00,2.987099999999999866e+01,2.797910000000000252e+01,6.600000000000000000e+01,3.000000000000000000e+01
1.130949999999999989e+01,3.219800000000000040e+01,3.006800000000000139e+00,7.500000000000000000e+01,5.700000000000000000e+01
1.294180000000000064e+01,2.963959999999999795e+01,8.465709999999999980e+01,1.800000000000000000e+01,2.900000000000000000e+01
2.198519999999999897e+01,2.398600000000000065e+01,2.784100000000000019e+00,1.170000000000000000e+02,2.300000000000000000e+01
1.495080000000000098e+01,4.562689999999999912e+01,1.720970000000000155e+01,7.000000000000000000e+01,1.200000000000000000e+01
3.575469999999999970e+01,4.576149999999999807e+01,2.305369999999999919e+01,9.200000000000000000e+01,3.800000000000000000e+01
4.535300000000000153e+01,1.118619999999999948e+01,1.058339999999999925e+01,1.180000000000000000e+02,1.540000000000000000e+02
2.836420000000000030e+01,3.552000000000000490e+00,1.035930000000000106e+01,1.010000000000000000e+02,4.000000000000000000e+01
3.293590000000000373e+01,1.342279999999999873e+01,6.429399999999999693e+01,3.000000000000000000e+01,9.800000000000000000e+01
4.667510000000000048e+01,1.972490000000000165e+01,2.040259999999999962e+01,1.110000000000000000e+02,1.150000000000000000e+02
4.040570000000000306e+01,2.737559999999999860e+01,7.460500000000000398e+01,3.200000000000000000e+01,4.300000000000000000e+01
1.799220000000000041e+01,1.172589999999999932e+01,2.958099999999999952e+00,9.900000000000000000e+01,3.890000000000000000e+02
3.798550000000000182e+01,1.868730000000000047e+01,7.616020000000000323e+01,6.300000000000000000e+01,4.500000000000000000e+01
2.021860000000000213e+01,3.975880000000000081e+01,3.094600000000000239e+00,1.160000000000000000e+02,3.090000000000000000e+02
1.781619999999999848e+01,3.071809999999999974e+01,9.279789999999999850e+01,3.900000000000000000e+01,3.510000000000000000e+02
4.426019999999999754e+01,2.587579999999999814e+01,3.030199999999999783e+00,1.070000000000000000e+02,4.800000000000000000e+01
1.570209999999999972e+01,4.178499999999999659e+01,3.125309999999999988e+01,6.800000000000000000e+01,2.450000000000000000e+02
2.283340000000000103e+01,3.669789999999999708e+01,3.438709999999999667e+01,6.200000000000000000e+01,7.000000000000000000e+00
2.666460000000000008e+01,5.234500000000000597e+00,1.919089999999999918e+01,9.700000000000000000e+01,5.100000000000000000e+01
2.686399999999999721e+01,4.710470000000000113e+01,2.908649999999999736e+01,7.100000000000000000e+01,5.200000000000000000e+01
3.529269999999999641e+01,2.370289999999999964e+01,7.097899999999999920e+01,2.500000000000000000e+01,5.300000000000000000e+01
3.747990000000000066e+01,3.265999999999999659e+01,6.119740000000000180e+01,2.300000000000000000e+01,5.400000000000000000e+01
2.993489999999999895e+01,3.568509999999999849e+01,9.420980000000000132e+01,1.900000000000000000e+01,1.560000000000000000e+02
1.613230000000000075e+01,1.310109999999999886e+01,3.123010000000000019e+01,8.700000000000000000e+01,3.550000000000000000e+02
6.501800000000000246e+00,3.678679999999999950e+01,2.978000000000000203e+00,7.500000000000000000e+01,2.310000000000000000e+02
5.092480000000000473e+01,3.117750000000000199e+01,3.010299999999999976e+00,1.020000000000000000e+02,3.980000000000000000e+02
3.506380000000000052e+01,3.937640000000000384e+01,7.968899999999999295e+01,2.000000000000000000e+01,5.900000000000000000e+01
1.323719999999999963e+01,3.179489999999999839e+01,6.408960000000000434e+01,2.000000000000000000e+00,6.000000000000000000e+01
3.370929999999999893e+01,8.588899999999998869e+00,2.326279999999999859e+01,1.210000000000000000e+02,6.100000000000000000e+01
1.427950000000000053e+01,3.208539999999999992e+01,8.075610000000000355e+01,1.100000000000000000e+01,1.020000000000000000e+02
4.332059999999999889e+01,4.057629999999999626e+01,7.153599999999999959e+00,9.500000000000000000e+01,3.770000000000000000e+02
8.918200000000000571e+00,1.502469999999999928e+01,1.528200000000000180e+01,8.300000000000000000e+01,5.000000000000000000e+00
1.713149999999999906e+01,2.382890000000000086e+01,7.366470000000001050e+01,6.400000000000000000e+01,1.090000000000000000e+02
2.904260000000000019e+01,2.577980000000000160e+01,2.596400000000000041e+00,1.130000000000000000e+02,6.600000000000000000e+01
4.532319999999999993e+01,1.387799999999999834e+01,1.672660000000000124e+01,1.150000000000000000e+02,2.030000000000000000e+02
2.028340000000000032e+01,3.727590000000000003e+01,9.159600000000000364e+01,1.200000000000000000e+01,3.880000000000000000e+02
3.870309999999999917e+01,2.421219999999999928e+01,3.003499999999999837e+00,1.070000000000000000e+02,1.730000000000000000e+02
3.465879999999999939e+01,1.594699999999999918e+01,7.815779999999999461e+01,5.800000000000000000e+01,3.690000000000000000e+02
1.451399999999999935e+01,4.554299999999999926e+01,9.395100000000001117e+00,7.200000000000000000e+01,9.000000000000000000e+01
3.891669999999999874e+01,1.847350000000000136e+01,8.056510000000000105e+01,6.300000000000000000e+01,7.200000000000000000e+01
1.488909999999999911e+01,3.259629999999999939e+01,8.740980000000000416e+01,1.100000000000000000e+01,1.240000000000000000e+02
2.970030000000000214e+01,4.313060000000000116e+01,3.113620000000000232e+01,7.100000000000000000e+01,1.290000000000000000e+02
2.730630000000000024e+01,1.301900000000000013e+01,7.858790000000000475e+01,5.400000000000000000e+01,1.750000000000000000e+02
8.316700000000000870e+00,1.897100000000000009e+01,1.883140000000000214e+01,7.900000000000000000e+01,7.600000000000000000e+01
1.752299999999999969e+01,2.974459999999999837e+01,3.482500000000000284e+01,5.100000000000000000e+01,2.140000000000000000e+02
3.700600000000000023e+01,3.447019999999999840e+01,6.638089999999999691e+01,1.000000000000000000e+01,1.660000000000000000e+02
2.447520000000000095e+01,4.326100000000000279e+01,3.042699999999999960e+00,7.700000000000000000e+01,3.960000000000000000e+02
3.335860000000000269e+01,3.482819999999999538e+01,2.888200000000000323e+00,9.400000000000000000e+01,8.000000000000000000e+01
3.710920000000000130e+01,1.278340000000000032e+01,3.123590000000000089e+01,1.200000000000000000e+02,2.870000000000000000e+02
3.339719999999999800e+01,3.510410000000000252e+01,3.785560000000000258e+01,4.500000000000000000e+01,2.500000000000000000e+01
3.174770000000000181e+01,1.459950000000000081e+01,8.764539999999999509e+01,4.400000000000000000e+01,8.300000000000000000e+01
5.106300000000000239e+01,2.798689999999999856e+01,1.589299999999999891e+01,1.060000000000000000e+02,2.970000000000000000e+02
1.075870000000000104e+01,1.725779999999999959e+01,2.478379999999999939e+01,8.700000000000000000e+01,5.600000000000000000e+01
3.644800000000000040e+01,4.374449999999999505e+01,2.899699999999999989e+01,9.200000000000000000e+01,3.590000000000000000e+02
2.362110000000000198e+01,2.329870000000000019e+01,9.564000000000000057e+01,3.300000000000000000e+01,1.980000000000000000e+02
1.106879999999999953e+01,1.331879999999999953e+01,2.024340000000000117e+01,8.200000000000000000e+01,8.800000000000000000e+01
3.605740000000000123e+01,8.401899999999999480e+00,1.927860000000000085e+01,1.190000000000000000e+02,2.470000000000000000e+02
9.611399999999999721e+00,3.752649999999999864e+01,8.094999999999998863e+00,7.200000000000000000e+01,2.440000000000000000e+02
2.269399999999999906e+01,8.261200000000000543e+00,2.393969999999999843e+01,8.600000000000000000e+01,2.510000000000000000e+02
3.481889999999999930e+01,1.969299999999999784e+01,9.292629999999999768e+01,4.000000000000000000e+01,9.200000000000000000e+01
3.878909999999999769e+01,3.689479999999999649e+01,8.042820000000000391e+01,2.000000000000000000e+01,9.300000000000000000e+01
4.267260000000000275e+01,1.808960000000000079e+01,3.124870000000000303e+01,4.200000000000000000e+01,2.900000000000000000e+02
5.038740000000000663e+01,3.208760000000000190e+01,1.237840000000000096e+01,1.060000000000000000e+02,2.480000000000000000e+02
1.505330000000000013e+01,2.795659999999999812e+01,3.009500000000000064e+00,1.080000000000000000e+02,1.670000000000000000e+02
2.109989999999999810e+01,3.416709999999999781e+01,3.989949999999999619e+01,6.200000000000000000e+01,9.700000000000000000e+01
3.453609999999999758e+01,1.755010000000000048e+01,6.603650000000000375e+01,3.000000000000000000e+01,1.060000000000000000e+02
4.377519999999999811e+01,2.782479999999999976e+01,6.445680000000000121e+01,3.100000000000000000e+01,1.400000000000000000e+02
1.802950000000000230e+01,2.885460000000000136e+01,5.955019999999999669e+01,1.500000000000000000e+01,1.300000000000000000e+01
2.772419999999999973e+01,3.542640000000000100e+01,4.492079999999999984e+01,3.600000000000000000e+01,3.360000000000000000e+02
1.526270000000000060e+01,3.576659999999999684e+01,8.309530000000000882e+01,1.100000000000000000e+01,7.300000000000000000e+01
2.098510000000000275e+01,2.738100000000000023e+01,9.540180000000000859e+01,3.900000000000000000e+01,4.700000000000000000e+01
2.643130000000000024e+01,2.808769999999999811e+01,6.546659999999999968e+01,1.700000000000000000e+01,1.040000000000000000e+02
2.592960000000000420e+01,5.092109999999999559e+01,1.464380000000000059e+01,8.400000000000000000e+01,1.850000000000000000e+02
2.942109999999999914e+01,1.712460000000000093e+01,6.699589999999999179e+01,3.000000000000000000e+01,1.900000000000000000e+02
2.708409999999999940e+01,3.758100000000000218e+00,1.471520000000000117e+01,9.700000000000000000e+01,0.000000000000000000e+00
2.517110000000000269e+01,8.623699999999999477e+00,2.871059999999999590e+01,4.800000000000000000e+01,1.610000000000000000e+02
2.019579999999999842e+01,2.125319999999999965e+01,7.164819999999998856e+01,6.400000000000000000e+01,2.010000000000000000e+02
2.986190000000000211e+01,1.853920000000000101e+01,3.776760000000000161e+01,4.300000000000000000e+01,1.100000000000000000e+02
2.456729999999999947e+01,1.869580000000000197e+01,3.735229999999999961e+01,4.700000000000000000e+01,1.110000000000000000e+02
2.809989999999999810e+01,5.017439999999999856e+01,1.878529999999999944e+01,8.800000000000000000e+01,1.120000000000000000e+02
4.221589999999999776e+01,2.768159999999999954e+01,7.874590000000000600e+01,3.200000000000000000e+01,1.720000000000000000e+02
3.715859999999999985e+01,1.587020000000000053e+01,8.394819999999999993e+01,6.300000000000000000e+01,1.140000000000000000e+02
4.909450000000000358e+01,2.376200000000000045e+01,1.783530000000000015e+01,1.110000000000000000e+02,4.200000000000000000e+01
4.263259999999999650e+01,1.925699999999999790e+01,2.996999999999999886e+00,1.140000000000000000e+02,1.160000000000000000e+02
2.438609999999999900e+01,3.624820000000000420e+01,5.941579999999999728e+01,6.000000000000000000e+00,3.860000000000000000e+02
1.669350000000000023e+01,2.518609999999999971e+01,6.662730000000000530e+01,4.000000000000000000e+00,1.000000000000000000e+00
2.339430000000000121e+01,4.857959999999999923e+01,1.908089999999999975e+01,8.800000000000000000e+01,1.190000000000000000e+02
3.849080000000000013e+01,2.126679999999999993e+01,3.119700000000000273e+01,4.200000000000000000e+01,9.400000000000000000e+01
3.763690000000000424e+01,3.625889999999999702e+01,3.049399999999999888e+00,9.400000000000000000e+01,1.210000000000000000e+02
1.251089999999999947e+01,1.603059999999999974e+01,2.905760000000000076e+01,8.700000000000000000e+01,8.500000000000000000e+01
3.070339999999999847e+01,2.198809999999999931e+01,5.280610000000000070e+01,2.100000000000000000e+01,1.230000000000000000e+02
1.766610000000000014e+01,3.839399999999999835e+01,8.677949999999999875e+01,1.100000000000000000e+01,6.200000000000000000e+01
1.686789999999999878e+01,1.773589999999999733e+01,8.736620000000000630e+01,5.300000000000000000e+01,1.320000000000000000e+02
2.839699999999999669e+00,2.812009999999999721e+01,1.146359999999999957e+01,8.100000000000000000e+01,2.840000000000000000e+02
1.904490000000000194e+01,1.616959999999999908e+01,7.976060000000001082e+01,5.900000000000000000e+01,1.270000000000000000e+02
3.030910000000000082e+01,4.095120000000000005e+01,7.798409999999999798e+01,1.300000000000000000e+01,1.280000000000000000e+02
2.424879999999999924e+01,4.408400000000000318e+01,3.119910000000000139e+01,7.100000000000000000e+01,7.400000000000000000e+01
2.048509999999999920e+01,2.102299999999999969e+01,3.832909999999999684e+01,4.700000000000000000e+01,1.300000000000000000e+02
2.308910000000000196e+01,3.360130000000000194e+01,4.517969999999999686e+01,5.700000000000000000e+01,3.130000000000000000e+02
2.081559999999999988e+01,1.915099999999999980e+01,9.268429999999999325e+01,5.300000000000000000e+01,3.000000000000000000e+00
4.266619999999999635e+01,2.373540000000000205e+01,3.114669999999999916e+01,4.200000000000000000e+01,3.480000000000000000e+02
4.189479999999999649e+01,2.450100000000000122e+01,8.422849999999999682e+01,3.800000000000000000e+01,2.750000000000000000e+02
4.952570000000000050e+01,2.796989999999999910e+01,2.119929999999999737e+01,1.110000000000000000e+02,1.870000000000000000e+02
1.619979999999999976e+01,7.782500000000000639e+00,1.305250000000000021e+01,9.600000000000000000e+01,3.870000000000000000e+02
4.131669999999999732e+01,1.301819999999999844e+01,2.765460000000000207e+01,1.200000000000000000e+02,8.100000000000000000e+01
3.690160000000000196e+01,1.728450000000000131e+01,8.974089999999999634e+01,4.000000000000000000e+01,1.380000000000000000e+02
1.692510000000000048e+01,9.625799999999999912e+00,8.364499999999999602e+00,9.600000000000000000e+01,1.390000000000000000e+02
3.923809999999999576e+01,2.833640000000000114e+01,6.655580000000000496e+01,3.100000000000000000e+01,2.340000000000000000e+02
9.712999999999999190e+00,1.740200000000000102e+01,8.079699999999998994e+00,8.300000000000000000e+01,2.190000000000000000e+02
4.873620000000000374e+01,3.639020000000000010e+01,1.083510000000000062e+01,6.500000000000000000e+01,2.170000000000000000e+02
2.843329999999999913e+01,1.170630000000000059e+01,6.418819999999999482e+01,3.000000000000000000e+01,4.100000000000000000e+01
2.035119999999999862e+01,3.671880000000000166e+01,6.128229999999999933e+01,6.000000000000000000e+00,1.440000000000000000e+02
4.950869999999999749e+01,2.042960000000000065e+01,2.966099999999999959e+00,1.140000000000000000e+02,2.130000000000000000e+02
4.240869999999999607e+01,4.317830000000000013e+01,2.245929999999999893e+01,5.500000000000000000e+01,3.050000000000000000e+02
2.016779999999999973e+01,4.020870000000000033e+01,8.311420000000001096e+01,7.000000000000000000e+00,2.990000000000000000e+02
1.049089999999999989e+01,3.338100000000000023e+01,3.026519999999999655e+01,6.100000000000000000e+01,2.910000000000000000e+02
2.053290000000000148e+01,2.862600000000000122e+01,5.481239999999999668e+01,1.500000000000000000e+01,1.490000000000000000e+02
2.180320000000000036e+01,4.019950000000000045e+01,3.113509999999999778e+01,7.100000000000000000e+01,1.500000000000000000e+02
4.708120000000000260e+01,2.681810000000000116e+01,2.910200000000000031e+01,4.600000000000000000e+01,1.840000000000000000e+02
1.669099999999999895e+01,3.229610000000000269e+01,3.122610000000000241e+01,5.600000000000000000e+01,1.520000000000000000e+02
2.984319999999999595e+01,1.576900000000000013e+01,9.158410000000000650e+01,4.400000000000000000e+01,1.530000000000000000e+02
4.716799999999999926e+01,1.533339999999999925e+01,1.245929999999999893e+01,1.180000000000000000e+02,2.740000000000000000e+02
3.270230000000000103e+01,4.777340000000000231e+01,2.048509999999999920e+01,8.800000000000000000e+01,1.550000000000000000e+02
2.466520000000000223e+01,3.588419999999999987e+01,9.390640000000000498e+01,1.900000000000000000e+01,5.500000000000000000e+01
3.189890000000000114e+01,9.540399999999999991e+00,2.910869999999999891e+01,1.210000000000000000e+02,1.570000000000000000e+02
6.442599999999999660e+00,1.810200000000000031e+01,1.115569999999999951e+01,8.300000000000000000e+01,4.020000000000000000e+02
1.957859999999999800e+01,1.976710000000000278e+01,3.399110000000000298e+01,4.700000000000000000e+01,1.590000000000000000e+02
2.257900000000000063e+01,1.757990000000000208e+01,6.122200000000000131e+01,2.200000000000000000e+01,3.280000000000000000e+02
2.038000000000000256e+01,1.044439999999999991e+01,2.814740000000000109e+01,4.800000000000000000e+01,2.980000000000000000e+02
2.760230000000000317e+01,4.021989999999999554e+01,7.435099999999999909e+01,1.300000000000000000e+01,1.100000000000000000e+01
2.956559999999999633e+01,4.798349999999999937e+01,2.422719999999999985e+01,9.200000000000000000e+01,1.630000000000000000e+02
4.111110000000000042e+01,2.540430000000000277e+01,8.863929999999999154e+01,3.800000000000000000e+01,2.670000000000000000e+02
3.105069999999999908e+01,3.160790000000000077e+01,9.577320000000000277e+01,2.600000000000000000e+01,1.650000000000000000e+02
3.271649999999999636e+01,3.623190000000000310e+01,6.723130000000000450e+01,1.000000000000000000e+01,7.800000000000000000e+01
1.734900000000000020e+01,2.297650000000000148e+01,2.987299999999999844e+00,1.080000000000000000e+02,2.370000000000000000e+02
2.806589999999999918e+01,2.792100000000000026e+00,2.884099999999999664e+00,1.000000000000000000e+02,2.800000000000000000e+02
2.022750000000000270e+01,1.523049999999999926e+01,8.506069999999999709e+01,5.300000000000000000e+01,1.690000000000000000e+02
4.403110000000000213e+01,1.757270000000000110e+01,2.642389999999999972e+01,1.150000000000000000e+02,1.700000000000000000e+02
4.755299999999999727e+01,2.374670000000000059e+01,2.310999999999999943e+01,1.110000000000000000e+02,1.350000000000000000e+02
4.015619999999999834e+01,2.351159999999999783e+01,7.690519999999999357e+01,3.200000000000000000e+01,1.130000000000000000e+02
4.055259999999999820e+01,3.286720000000000397e+01,3.096300000000000274e+00,1.070000000000000000e+02,3.650000000000000000e+02
1.303800000000000026e+01,8.695800000000000196e+00,2.806400000000000006e+00,1.030000000000000000e+02,1.740000000000000000e+02
2.373280000000000101e+01,1.384390000000000143e+01,8.141859999999999786e+01,5.400000000000000000e+01,7.500000000000000000e+01
3.694830000000000325e+01,7.059300000000000352e+00,1.339770000000000039e+01,1.010000000000000000e+02,1.830000000000000000e+02
2.456000000000000227e+01,4.197139999999999560e+01,8.286960000000000548e+01,1.200000000000000000e+01,6.800000000000000000e+01
4.090400000000000347e+01,2.413649999999999807e+01,6.516400000000000148e+01,3.100000000000000000e+01,1.780000000000000000e+02
1.382249999999999801e+01,2.483680000000000021e+01,8.696979999999999222e+01,1.800000000000000000e+01,1.790000000000000000e+02
3.069229999999999947e+01,2.521439999999999770e+01,6.658570000000000277e+01,1.700000000000000000e+01,1.800000000000000000e+02
3.439710000000000178e+01,2.566369999999999862e+01,2.806200000000000028e+00,1.130000000000000000e+02,1.810000000000000000e+02
1.507759999999999856e+01,4.206110000000000326e+01,2.962400000000000144e+00,7.400000000000000000e+01,1.820000000000000000e+02
3.237780000000000058e+01,4.871599999999999930e+00,1.238540000000000063e+01,1.010000000000000000e+02,1.760000000000000000e+02
4.552660000000000196e+01,3.084939999999999927e+01,3.084180000000000277e+01,4.600000000000000000e+01,2.400000000000000000e+02
2.257199999999999918e+01,5.048550000000000182e+01,1.099990000000000023e+01,8.400000000000000000e+01,1.950000000000000000e+02
2.018079999999999785e+01,7.259000000000000341e+00,4.439400000000000013e+00,9.600000000000000000e+01,1.860000000000000000e+02
4.790679999999999694e+01,1.892170000000000130e+01,1.502729999999999855e+01,1.110000000000000000e+02,1.710000000000000000e+02
3.575809999999999889e+01,2.688680000000000092e+01,4.234980000000000189e+01,4.100000000000000000e+01,2.620000000000000000e+02
5.152800000000000047e+00,3.345040000000000191e+01,1.182519999999999882e+01,7.800000000000000000e+01,3.820000000000000000e+02
3.825489999999999924e+01,1.563180000000000192e+01,6.429000000000000625e+01,3.000000000000000000e+01,1.430000000000000000e+02
3.223570000000000135e+01,7.786999999999999034e+00,7.727999999999999758e+00,1.010000000000000000e+02,1.910000000000000000e+02
3.186289999999999978e+01,4.954480000000000217e+01,1.559309999999999796e+01,9.300000000000000000e+01,3.200000000000000000e+01
3.224880000000000280e+01,3.773429999999999751e+01,7.378470000000000084e+01,1.300000000000000000e+01,1.620000000000000000e+02
1.701839999999999975e+01,3.294299999999999784e+01,6.173550000000000182e+01,2.000000000000000000e+00,1.940000000000000000e+02
2.895809999999999818e+01,5.202719999999999345e+01,1.119810000000000016e+01,8.400000000000000000e+01,1.050000000000000000e+02
3.488949999999999818e+01,3.024510000000000076e+01,5.655630000000000734e+01,2.300000000000000000e+01,2.630000000000000000e+02
5.331400000000000361e+00,2.210590000000000188e+01,1.303599999999999959e+01,8.100000000000000000e+01,2.960000000000000000e+02
2.680239999999999867e+01,2.682109999999999772e+01,9.716120000000000800e+01,3.300000000000000000e+01,8.700000000000000000e+01
4.266199999999999548e+00,3.105979999999999919e+01,2.810700000000000198e+00,7.800000000000000000e+01,1.990000000000000000e+02
1.371579999999999977e+01,1.437069999999999936e+01,2.972700000000000120e+00,9.900000000000000000e+01,2.000000000000000000e+02
1.536609999999999943e+01,2.222869999999999990e+01,7.753459999999999752e+01,6.400000000000000000e+01,6.500000000000000000e+01
2.376099999999999923e+01,2.832999999999999829e+01,2.665700000000000180e+00,1.120000000000000000e+02,2.610000000000000000e+02
4.426839999999999975e+01,1.539099999999999824e+01,2.250360000000000227e+01,1.150000000000000000e+02,6.700000000000000000e+01
2.897210000000000107e+01,3.536359999999999815e+01,5.645940000000000225e+01,3.600000000000000000e+01,3.950000000000000000e+02
2.494369999999999976e+01,7.422699999999999854e+00,7.246100000000000207e+00,1.000000000000000000e+02,1.680000000000000000e+02
2.301970000000000027e+01,3.890290000000000248e+01,7.490930000000000177e+01,7.000000000000000000e+00,1.470000000000000000e+02
1.332419999999999938e+01,2.244879999999999853e+01,6.443330000000000268e+01,4.000000000000000000e+00,1.180000000000000000e+02
2.854809999999999803e+01,3.982089999999999463e+01,9.164409999999999457e+01,1.900000000000000000e+01,2.080000000000000000e+02
4.279740000000000322e+01,4.428199999999999648e+01,1.811420000000000030e+01,6.500000000000000000e+01,3.560000000000000000e+02
4.044890000000000185e+01,9.664100000000001245e+00,1.736560000000000059e+01,1.190000000000000000e+02,8.900000000000000000e+01
2.321509999999999962e+01,4.649630000000000507e+01,2.598389999999999844e+01,6.800000000000000000e+01,3.170000000000000000e+02
2.597470000000000212e+01,3.719369999999999976e+01,2.913499999999999979e+00,1.160000000000000000e+02,2.120000000000000000e+02
4.754289999999999594e+01,1.616339999999999932e+01,3.157700000000000173e+00,1.140000000000000000e+02,1.450000000000000000e+02
1.753389999999999915e+01,2.460259999999999891e+01,3.386399999999999721e+01,5.100000000000000000e+01,7.700000000000000000e+01
1.443770000000000131e+01,1.001260000000000083e+01,1.820710000000000051e+01,8.600000000000000000e+01,9.100000000000000000e+01
3.754739999999999611e+01,3.950060000000000571e+01,3.111970000000000169e+01,5.000000000000000000e+01,2.590000000000000000e+02
4.665529999999999688e+01,3.966000000000000369e+01,1.442469999999999786e+01,6.500000000000000000e+01,1.420000000000000000e+02
3.607079999999999842e+01,6.047500000000000320e+00,2.825899999999999856e+00,1.050000000000000000e+02,3.110000000000000000e+02
1.099680000000000035e+01,1.062919999999999909e+01,1.542849999999999966e+01,8.300000000000000000e+01,6.400000000000000000e+01
1.284079999999999977e+01,2.633880000000000265e+01,8.108899999999999864e+01,1.800000000000000000e+01,3.500000000000000000e+01
2.317050000000000054e+01,3.771920000000000073e+01,6.656450000000000955e+01,5.000000000000000000e+00,2.210000000000000000e+02
2.078879999999999839e+01,1.383750000000000036e+01,3.114029999999999987e+01,4.800000000000000000e+01,2.220000000000000000e+02
1.073639999999999972e+01,4.280729999999999791e+01,1.769350000000000023e+01,6.900000000000000000e+01,8.000000000000000000e+00
2.775250000000000128e+01,4.243919999999999959e+01,8.670400000000000773e+01,1.200000000000000000e+01,1.770000000000000000e+02
3.416440000000000055e+01,3.221909999999999741e+01,7.016829999999998790e+01,1.000000000000000000e+01,2.250000000000000000e+02
6.406499999999999417e+00,3.241989999999999839e+01,1.759940000000000282e+01,7.300000000000000000e+01,2.260000000000000000e+02
1.643199999999999861e+01,2.424530000000000030e+01,6.154800000000000182e+01,4.000000000000000000e+00,2.070000000000000000e+02
2.578690000000000282e+01,8.446600000000000108e+00,2.956599999999999895e+00,1.000000000000000000e+02,2.050000000000000000e+02
3.913609999999999900e+01,3.479579999999999984e+01,8.817289999999999850e+01,2.700000000000000000e+01,2.290000000000000000e+02
2.296330000000000027e+01,1.741099999999999781e+01,6.651219999999999288e+01,2.400000000000000000e+01,3.810000000000000000e+02
1.646900000000000119e+01,3.676820000000000022e+01,3.099299999999999944e+00,7.500000000000000000e+01,3.250000000000000000e+02
9.158199999999999008e+00,3.816490000000000293e+01,1.887780000000000058e+01,6.900000000000000000e+01,3.270000000000000000e+02
2.155349999999999966e+01,3.219770000000000465e+01,9.500130000000000052e+01,3.900000000000000000e+01,2.330000000000000000e+02
4.187810000000000343e+01,3.190020000000000167e+01,6.455180000000000007e+01,3.100000000000000000e+01,9.900000000000000000e+01
1.862640000000000029e+01,3.678059999999999974e+01,3.122269999999999612e+01,5.600000000000000000e+01,2.350000000000000000e+02
3.391270000000000095e+01,1.930180000000000007e+01,7.256300000000000239e+01,2.500000000000000000e+01,3.720000000000000000e+02
1.015900000000000070e+01,2.752459999999999951e+01,3.029199999999999893e+00,1.080000000000000000e+02,9.600000000000000000e+01
2.965320000000000178e+01,3.114120000000000132e+01,6.753010000000000446e+01,1.000000000000000000e+01,2.380000000000000000e+02
2.704619999999999891e+01,3.933570000000000277e+01,3.167220000000000013e+01,7.100000000000000000e+01,2.390000000000000000e+02
4.717399999999999949e+01,3.070080000000000098e+01,2.539290000000000092e+01,4.600000000000000000e+01,2.880000000000000000e+02
3.686459999999999582e+01,2.233299999999999841e+01,6.685219999999999629e+01,2.500000000000000000e+01,2.410000000000000000e+02
2.661680000000000135e+01,1.983990000000000009e+01,9.491190000000000282e+01,3.300000000000000000e+01,2.420000000000000000e+02
3.033279999999999887e+01,1.902909999999999968e+01,2.889299999999999979e+00,1.090000000000000000e+02,1.600000000000000000e+01
1.184360000000000035e+01,4.223100000000000165e+01,7.811500000000000554e+00,7.200000000000000000e+01,7.100000000000000000e+01
1.713429999999999964e+01,4.481689999999999685e+01,2.309990000000000165e+01,6.800000000000000000e+01,4.900000000000000000e+01
2.010879999999999868e+01,2.987549999999999883e+01,4.252299999999999613e+01,5.700000000000000000e+01,2.460000000000000000e+02
4.189909999999999712e+01,1.145850000000000080e+01,2.146699999999999875e+01,1.190000000000000000e+02,1.000000000000000000e+01
5.210810000000000031e+01,2.743599999999999994e+01,1.060780000000000101e+01,1.060000000000000000e+02,8.400000000000000000e+01
2.972210000000000107e+01,4.433230000000000359e+01,3.022400000000000198e+00,8.900000000000000000e+01,3.390000000000000000e+02
6.685399999999999565e+00,2.871480000000000032e+01,2.383070000000000022e+01,7.600000000000000000e+01,2.500000000000000000e+02
1.842980000000000018e+01,9.302899999999999281e+00,2.145009999999999906e+01,8.600000000000000000e+01,2.150000000000000000e+02
2.725270000000000081e+01,1.191659999999999897e+01,8.352179999999999893e+01,5.400000000000000000e+01,1.700000000000000000e+01
1.751970000000000027e+01,3.071519999999999939e+01,6.691610000000000014e+01,0.000000000000000000e+00,2.530000000000000000e+02
2.675449999999999662e+01,3.976290000000000191e+01,6.156129999999999569e+01,9.000000000000000000e+00,2.710000000000000000e+02
3.771340000000000003e+01,2.456929999999999836e+01,9.255980000000000985e+01,3.400000000000000000e+01,3.600000000000000000e+02
2.548019999999999641e+01,1.368740000000000023e+01,8.747070000000000789e+01,4.900000000000000000e+01,3.490000000000000000e+02
2.386159999999999926e+01,4.186700000000000088e+00,1.160149999999999970e+01,9.100000000000000000e+01,2.570000000000000000e+02
1.405959999999999965e+01,4.699660000000000082e+01,2.802400000000000002e+00,7.400000000000000000e+01,2.580000000000000000e+02
3.209550000000000125e+01,3.807019999999999982e+01,3.124520000000000053e+01,5.000000000000000000e+01,3.670000000000000000e+02
1.898000000000000043e+01,3.584129999999999683e+01,6.654040000000000532e+01,2.000000000000000000e+00,3.260000000000000000e+02
1.788960000000000150e+01,3.227870000000000061e+01,2.967499999999999805e+00,1.120000000000000000e+02,2.020000000000000000e+02
3.751239999999999952e+01,2.730150000000000077e+01,3.753799999999999670e+01,4.100000000000000000e+01,1.880000000000000000e+02
3.754179999999999495e+01,2.830849999999999866e+01,5.993009999999999593e+01,2.300000000000000000e+01,1.960000000000000000e+02
4.307139999999999702e+01,3.965230000000000388e+01,2.674929999999999808e+01,5.500000000000000000e+01,2.890000000000000000e+02
4.572240000000000038e+01,1.156240000000000023e+01,2.809600000000000097e+00,1.140000000000000000e+02,2.650000000000000000e+02
2.396389999999999887e+01,2.134469999999999956e+01,4.647720000000000340e+01,5.200000000000000000e+01,2.660000000000000000e+02
4.149600000000000222e+01,2.969389999999999930e+01,8.723369999999999891e+01,3.800000000000000000e+01,1.640000000000000000e+02
3.172320000000000206e+01,2.142950000000000088e+01,4.539529999999999887e+01,2.800000000000000000e+01,2.680000000000000000e+02
3.601010000000000133e+01,4.778569999999999851e+01,1.573519999999999897e+01,9.300000000000000000e+01,1.920000000000000000e+02
3.083840000000000003e+01,5.714900000000000091e+00,1.747380000000000067e+01,9.700000000000000000e+01,1.070000000000000000e+02
3.185569999999999879e+01,4.210260000000000247e+01,6.445810000000000173e+01,9.000000000000000000e+00,3.530000000000000000e+02
2.551320000000000121e+01,4.774320000000000164e+01,7.039500000000000313e+00,7.700000000000000000e+01,3.900000000000000000e+02
3.326630000000000109e+01,3.911149999999999949e+01,9.068009999999999593e+01,1.900000000000000000e+01,2.730000000000000000e+02
4.662910000000000110e+01,1.989890000000000114e+01,8.250799999999999912e+00,1.180000000000000000e+02,3.080000000000000000e+02
4.157179999999999609e+01,3.115479999999999805e+01,8.217790000000000816e+01,3.800000000000000000e+01,1.340000000000000000e+02
1.611599999999999966e+01,2.143959999999999866e+01,9.034629999999999939e+01,5.300000000000000000e+01,1.250000000000000000e+02
3.300609999999999644e+01,3.306370000000000431e+01,4.624240000000000350e+01,2.900000000000000000e+01,3.240000000000000000e+02
2.906079999999999686e+01,2.097030000000000172e+01,6.923669999999999902e+01,2.400000000000000000e+01,2.300000000000000000e+02
4.802560000000000429e+01,3.225150000000000006e+01,2.025990000000000180e+01,6.000000000000000000e+01,3.180000000000000000e+02
2.353679999999999950e+01,1.242270000000000074e+01,3.047499999999999876e+00,1.000000000000000000e+02,2.280000000000000000e+02
2.299760000000000204e+01,5.062919999999999732e+01,2.804499999999999993e+00,8.000000000000000000e+01,3.700000000000000000e+02
6.414300000000000779e+00,2.318820000000000192e+01,1.829690000000000083e+01,7.600000000000000000e+01,2.920000000000000000e+02
1.835589999999999833e+01,1.864530000000000243e+01,6.603409999999999513e+01,4.000000000000000000e+00,2.830000000000000000e+02
3.563299999999999912e+00,2.544999999999999929e+01,2.806599999999999984e+00,8.100000000000000000e+01,1.260000000000000000e+02
1.883150000000000190e+01,3.633400000000000318e+01,7.406719999999999970e+01,3.000000000000000000e+00,2.850000000000000000e+02
1.375309999999999810e+01,2.819150000000000134e+01,7.606300000000000239e+01,3.000000000000000000e+00,3.740000000000000000e+02
3.793630000000000280e+01,1.081970000000000098e+01,2.491179999999999950e+01,1.200000000000000000e+02,1.370000000000000000e+02
4.541799999999999926e+01,2.199830000000000041e+01,2.795720000000000027e+01,4.600000000000000000e+01,1.510000000000000000e+02
4.228249999999999886e+01,3.791109999999999758e+01,3.124729999999999919e+01,5.500000000000000000e+01,1.460000000000000000e+02
3.858279999999999887e+01,2.569560000000000244e+01,3.226060000000000372e+01,4.200000000000000000e+01,1.200000000000000000e+02
1.299080000000000013e+01,3.717779999999999774e+01,3.122809999999999775e+01,6.100000000000000000e+01,1.480000000000000000e+02
7.155499999999999083e+00,2.439179999999999993e+01,2.255640000000000001e+01,7.600000000000000000e+01,2.820000000000000000e+02
9.217699999999998894e+00,2.203879999999999839e+01,2.629329999999999856e+01,7.600000000000000000e+01,2.930000000000000000e+02
2.085180000000000078e+01,2.406550000000000011e+01,4.327639999999999532e+01,5.200000000000000000e+01,2.600000000000000000e+01
8.253999999999999559e+00,1.527350000000000030e+01,2.820800000000000196e+00,1.040000000000000000e+02,3.710000000000000000e+02
5.753800000000000026e+00,2.557229999999999848e+01,8.654600000000000293e+00,8.100000000000000000e+01,1.970000000000000000e+02
5.041850000000000165e+01,2.316100000000000136e+01,1.243069999999999986e+01,1.060000000000000000e+02,9.500000000000000000e+01
2.554640000000000200e+01,1.281039999999999957e+01,3.111110000000000397e+01,4.800000000000000000e+01,1.080000000000000000e+02
1.938589999999999947e+01,3.885430000000000206e+01,7.866280000000000427e+01,7.000000000000000000e+00,2.060000000000000000e+02
1.372460000000000058e+01,4.254110000000000014e+01,2.606700000000000017e+01,6.700000000000000000e+01,4.060000000000000000e+02
2.008530000000000015e+01,2.714429999999999765e+01,4.691449999999999676e+01,5.700000000000000000e+01,1.310000000000000000e+02
3.961280000000000001e+01,3.228849999999999909e+01,7.574450000000000216e+01,3.200000000000000000e+01,3.020000000000000000e+02
2.828419999999999845e+01,1.500549999999999962e+01,3.016900000000000137e+00,1.050000000000000000e+02,3.030000000000000000e+02
4.211999999999999744e+00,2.693130000000000379e+01,1.605709999999999837e+01,7.600000000000000000e+01,3.040000000000000000e+02
4.457869999999999777e+01,3.507179999999999609e+01,2.808919999999999817e+01,5.500000000000000000e+01,2.640000000000000000e+02
3.805989999999999895e+01,4.468719999999999715e+01,7.477899999999999991e+00,9.000000000000000000e+01,3.370000000000000000e+02
3.430869999999999465e+01,3.838680000000000092e+01,6.232959999999999923e+01,1.600000000000000000e+01,3.070000000000000000e+02
4.470170000000000243e+01,1.509659999999999869e+01,8.312500000000000000e+00,1.180000000000000000e+02,3.900000000000000000e+01
2.786190000000000211e+01,3.295400000000000063e+01,2.721400000000000041e+00,1.160000000000000000e+02,4.600000000000000000e+01
3.968519999999999470e+01,2.116000000000000014e+01,8.737409999999999854e+01,4.000000000000000000e+01,3.100000000000000000e+02
3.061559999999999704e+01,1.045390000000000086e+01,3.000900000000000123e+00,1.050000000000000000e+02,2.180000000000000000e+02
2.185379999999999967e+01,2.927409999999999712e+01,6.874860000000001037e+01,0.000000000000000000e+00,3.120000000000000000e+02
1.845019999999999882e+01,2.688510000000000133e+01,3.952490000000000236e+01,5.700000000000000000e+01,3.010000000000000000e+02
2.279329999999999856e+01,1.552040000000000042e+01,7.585800000000000409e+01,5.900000000000000000e+01,3.140000000000000000e+02
3.337530000000000285e+01,2.581520000000000081e+01,9.544209999999999638e+01,3.400000000000000000e+01,3.150000000000000000e+02
3.597180000000000177e+01,3.435969999999999658e+01,9.268280000000000030e+01,2.700000000000000000e+01,3.160000000000000000e+02
1.910849999999999937e+01,4.412749999999999773e+01,2.827830000000000155e+01,6.800000000000000000e+01,2.110000000000000000e+02
4.794120000000000203e+01,3.527709999999999724e+01,1.624419999999999931e+01,6.000000000000000000e+01,3.750000000000000000e+02
4.837500000000000000e+01,3.620070000000000476e+01,2.821600000000000108e+00,9.800000000000000000e+01,3.610000000000000000e+02
3.564109999999999445e+01,2.209149999999999991e+01,3.666599999999999682e+01,3.500000000000000000e+01,3.580000000000000000e+02
6.172200000000000131e+00,1.949460000000000193e+01,3.117399999999999949e+00,1.040000000000000000e+02,3.470000000000000000e+02
2.485060000000000002e+01,1.885159999999999769e+01,7.150090000000000146e+01,2.400000000000000000e+01,3.570000000000000000e+02
5.172700000000000387e+01,2.614639999999999631e+01,2.810700000000000198e+00,1.020000000000000000e+02,3.800000000000000000e+02
3.165819999999999723e+01,3.265700000000000358e+01,5.353200000000000358e+01,2.900000000000000000e+01,3.680000000000000000e+02
1.127210000000000001e+01,3.681830000000000069e+01,2.948599999999999888e+00,7.500000000000000000e+01,3.400000000000000000e+01
1.493720000000000070e+01,3.643529999999999802e+01,6.446089999999999520e+01,2.000000000000000000e+00,2.600000000000000000e+02
7.644400000000000084e+00,3.776520000000000010e+01,1.424540000000000006e+01,6.900000000000000000e+01,2.320000000000000000e+02
3.003799999999999670e+01,1.936599999999999966e+01,5.800680000000000547e+01,2.200000000000000000e+01,2.800000000000000000e+01
2.790940000000000154e+01,3.847070000000000078e+01,6.709090000000000487e+01,5.000000000000000000e+00,3.290000000000000000e+02
1.348900000000000077e+01,1.210190000000000055e+01,2.403540000000000276e+01,8.200000000000000000e+01,3.300000000000000000e+02
2.164920000000000044e+01,3.077969999999999828e+01,5.000710000000000122e+01,1.500000000000000000e+01,3.310000000000000000e+02
4.586819999999999453e+01,4.207560000000000144e+01,2.823799999999999866e+00,9.500000000000000000e+01,3.320000000000000000e+02
1.308880000000000088e+01,4.358359999999999701e+01,2.158009999999999806e+01,6.700000000000000000e+01,3.330000000000000000e+02
4.010510000000000019e+01,4.656609999999999872e+01,1.409769999999999968e+01,9.300000000000000000e+01,2.690000000000000000e+02
3.743040000000000589e+01,3.645810000000000173e+01,7.523820000000000618e+01,2.000000000000000000e+01,3.350000000000000000e+02
2.883129999999999882e+01,3.426640000000000441e+01,5.022060000000000457e+01,3.600000000000000000e+01,1.010000000000000000e+02
4.095369999999999777e+01,4.683539999999999992e+01,3.048999999999999932e+00,9.000000000000000000e+01,3.060000000000000000e+02
2.351770000000000138e+01,1.288349999999999973e+01,6.428960000000000719e+01,2.200000000000000000e+01,3.380000000000000000e+02
3.218110000000000070e+01,4.705770000000000408e+01,7.413400000000000212e+00,8.900000000000000000e+01,3.620000000000000000e+02
1.640310000000000201e+01,1.845110000000000028e+01,3.113830000000000098e+01,8.700000000000000000e+01,3.400000000000000000e+02
3.436169999999999902e+01,2.530220000000000269e+01,4.636120000000000374e+01,2.800000000000000000e+01,3.410000000000000000e+02
1.074019999999999975e+01,3.655519999999999925e+01,2.660440000000000182e+01,6.100000000000000000e+01,3.420000000000000000e+02
3.959019999999999584e+01,1.087990000000000101e+01,7.681399999999999118e+00,1.100000000000000000e+02,3.990000000000000000e+02
3.839460000000000406e+01,3.916610000000000014e+01,6.408990000000000009e+01,1.600000000000000000e+01,3.100000000000000000e+01
8.248800000000001020e+00,4.135650000000000404e+01,2.802200000000000024e+00,7.500000000000000000e+01,3.450000000000000000e+02
2.627720000000000056e+01,1.667579999999999885e+01,3.336370000000000147e+01,4.300000000000000000e+01,3.940000000000000000e+02
9.860599999999999810e+00,2.304390000000000072e+01,2.964899999999999647e+00,1.040000000000000000e+02,3.210000000000000000e+02
3.566420000000000101e+01,1.752740000000000009e+01,3.120280000000000342e+01,4.200000000000000000e+01,1.330000000000000000e+02
2.444780000000000086e+01,1.630030000000000001e+01,9.171439999999999770e+01,4.900000000000000000e+01,2.560000000000000000e+02
2.757660000000000267e+01,4.377009999999999934e+01,6.417739999999999156e+01,9.000000000000000000e+00,3.500000000000000000e+02
1.830900000000000105e+01,2.428490000000000038e+01,9.311310000000000286e+01,3.900000000000000000e+01,1.030000000000000000e+02
2.184420000000000073e+01,2.437159999999999727e+01,5.152550000000000097e+01,1.500000000000000000e+01,3.520000000000000000e+02
2.303259999999999863e+01,4.142399999999999949e+01,6.384220000000000539e+01,9.000000000000000000e+00,2.540000000000000000e+02
3.521150000000000091e+01,2.359360000000000213e+01,5.812409999999999854e+01,3.700000000000000000e+01,3.850000000000000000e+02
1.172259999999999991e+01,2.032000000000000028e+01,3.124070000000000036e+01,8.700000000000000000e+01,1.220000000000000000e+02
4.518780000000000285e+01,4.024269999999999925e+01,1.863769999999999882e+01,6.500000000000000000e+01,2.090000000000000000e+02
2.098470000000000013e+01,2.443430000000000035e+01,6.812690000000000623e+01,2.400000000000000000e+01,3.220000000000000000e+02
3.379879999999999995e+01,2.115399999999999991e+01,4.075979999999999848e+01,3.500000000000000000e+01,3.200000000000000000e+02
3.289070000000000249e+01,4.589410000000000167e+01,2.667389999999999972e+01,9.200000000000000000e+01,8.600000000000000000e+01
3.596759999999999735e+01,2.981920000000000215e+01,9.404090000000000771e+01,3.400000000000000000e+01,2.550000000000000000e+02
4.580699999999999505e+01,3.505510000000000304e+01,6.396599999999999397e+00,9.800000000000000000e+01,3.930000000000000000e+02
3.408849999999999625e+01,4.270539999999999736e+01,3.016900000000000137e+00,8.900000000000000000e+01,2.490000000000000000e+02
4.488710000000000377e+01,4.495509999999999451e+01,1.282760000000000034e+01,6.500000000000000000e+01,3.630000000000000000e+02
1.801439999999999841e+01,1.630999999999999872e+01,3.095200000000000173e+00,9.900000000000000000e+01,3.640000000000000000e+02
4.040129999999999910e+01,2.835130000000000194e+01,3.028900000000000148e+00,1.070000000000000000e+02,6.900000000000000000e+01
3.371189999999999998e+01,2.555970000000000297e+01,5.390449999999999875e+01,2.100000000000000000e+01,3.660000000000000000e+02
4.048570000000000135e+01,3.320389999999999731e+01,3.112539999999999907e+01,5.000000000000000000e+01,3.970000000000000000e+02
3.357150000000000034e+01,3.060030000000000427e+01,4.993379999999999797e+01,2.900000000000000000e+01,2.770000000000000000e+02
3.102929999999999922e+01,1.506649999999999956e+01,7.563290000000000646e+01,5.800000000000000000e+01,7.000000000000000000e+01
2.733970000000000056e+01,5.109550000000000125e+01,4.195899999999999963e+00,8.000000000000000000e+01,2.810000000000000000e+02
1.304480000000000040e+01,1.928000000000000114e+01,3.013400000000000301e+00,1.040000000000000000e+02,2.950000000000000000e+02
3.650469999999999970e+01,2.804050000000000153e+01,7.078360000000000696e+01,2.500000000000000000e+01,2.360000000000000000e+02
3.576350000000000051e+01,4.756040000000000134e+01,2.851300000000000168e+00,8.500000000000000000e+01,4.070000000000000000e+02
1.592179999999999929e+01,3.382770000000000010e+01,7.678019999999999357e+01,3.000000000000000000e+00,2.860000000000000000e+02
4.591810000000000258e+01,3.592759999999999820e+01,2.226930000000000121e+01,6.000000000000000000e+01,2.790000000000000000e+02
3.063660000000000139e+01,2.197310000000000230e+01,9.533719999999999573e+01,3.300000000000000000e+01,3.760000000000000000e+02
4.138580000000000325e+01,4.167719999999999914e+01,2.957399999999999807e+00,9.500000000000000000e+01,6.300000000000000000e+01
3.609689999999999799e+01,3.123479999999999990e+01,2.903899999999999704e+00,9.400000000000000000e+01,3.780000000000000000e+02
3.007989999999999853e+01,1.344319999999999915e+01,3.112900000000000134e+01,4.300000000000000000e+01,3.790000000000000000e+02
4.752629999999999910e+01,3.088620000000000232e+01,7.345599999999999241e+00,1.020000000000000000e+02,5.800000000000000000e+01
2.487049999999999983e+01,2.188980000000000103e+01,6.768449999999999989e+01,2.400000000000000000e+01,2.780000000000000000e+02
8.418499999999999872e+00,3.215370000000000061e+01,6.676700000000000301e+00,7.800000000000000000e+01,1.890000000000000000e+02
2.950860000000000127e+01,3.711110000000000042e+01,3.665079999999999671e+01,4.500000000000000000e+01,8.200000000000000000e+01
3.668110000000000070e+01,1.060510000000000019e+01,2.930400000000000116e+00,1.100000000000000000e+02,3.430000000000000000e+02
3.925370000000000203e+01,2.057870000000000132e+01,6.302049999999999841e+01,3.700000000000000000e+01,1.400000000000000000e+01
1.869050000000000011e+01,4.026830000000000354e+01,6.429999999999999716e+01,6.000000000000000000e+00,1.170000000000000000e+02
2.074159999999999826e+01,7.030799999999999272e+00,9.378599999999998715e+00,9.600000000000000000e+01,1.360000000000000000e+02
2.338429999999999964e+01,4.042780000000000484e+01,8.805440000000000111e+01,1.200000000000000000e+01,2.240000000000000000e+02
1.335010000000000119e+01,1.240890000000000093e+01,7.062200000000000699e+00,9.900000000000000000e+01,4.400000000000000000e+01
1.826219999999999999e+01,4.867439999999999856e+01,2.804300000000000015e+00,7.700000000000000000e+01,7.900000000000000000e+01
9.150100000000000122e+00,2.556550000000000367e+01,3.108040000000000092e+01,6.600000000000000000e+01,3.300000000000000000e+01
2.469139999999999802e+01,3.246520000000000294e+01,6.739619999999999322e+01,1.000000000000000000e+00,1.500000000000000000e+01
4.382630000000000337e+01,3.774779999999999802e+01,2.938199999999999701e+00,9.800000000000000000e+01,3.190000000000000000e+02
3.114069999999999894e+01,1.745319999999999894e+01,3.285439999999999827e+01,4.300000000000000000e+01,3.460000000000000000e+02
2.469229999999999947e+01,3.333120000000000260e+01,5.223750000000000426e+01,3.600000000000000000e+01,2.040000000000000000e+02
2.031310000000000215e+01,4.631370000000000431e+01,6.000399999999999956e+00,7.700000000000000000e+01,2.720000000000000000e+02
3.584400000000000119e+01,3.562239999999999895e+01,3.280299999999999727e+01,5.000000000000000000e+01,2.160000000000000000e+02
4.854149999999999920e+01,2.649510000000000076e+01,6.321300000000000807e+00,1.020000000000000000e+02,3.230000000000000000e+02
4.060409999999999542e+01,1.467239999999999966e+01,3.000799999999999912e+00,1.100000000000000000e+02,4.050000000000000000e+02
2.905249999999999844e+01,3.511690000000000111e+01,6.981810000000000116e+01,5.000000000000000000e+00,4.000000000000000000e+02
2.025990000000000180e+01,2.274530000000000030e+01,5.815420000000000300e+01,8.000000000000000000e+00,4.010000000000000000e+02
1.197079999999999878e+01,8.993399999999999395e+00,1.104889999999999972e+01,8.300000000000000000e+01,1.580000000000000000e+02
2.601980000000000004e+01,3.173219999999999885e+01,9.598640000000000327e+01,2.600000000000000000e+01,4.030000000000000000e+02
3.432350000000000279e+01,1.473289999999999900e+01,3.082699999999999996e+00,1.090000000000000000e+02,2.430000000000000000e+02
4.134309999999999974e+01,9.159900000000000375e+00,3.721300000000000274e+00,1.100000000000000000e+02,3.840000000000000000e+02
1.098110000000000142e+01,3.954749999999999943e+01,2.317360000000000042e+01,6.700000000000000000e+01,3.000000000000000000e+02
3.185950000000000060e+01,5.027350000000000563e+01,3.366000000000000103e+00,8.500000000000000000e+01,3.730000000000000000e+02
