4.773669999999999902e+01,3.136340000000000217e+01,2.251660000000000039e+01,5.600000000000000000e+01,2.240000000000000000e+02
4.919709999999999894e+01,1.934090000000000131e+01,2.831699999999999662e+00,8.600000000000000000e+01,3.250000000000000000e+02
7.037200000000000344e+00,2.392539999999999978e+01,8.053399999999999892e+00,1.300000000000000000e+01,2.000000000000000000e+00
4.425809999999999889e+01,1.692180000000000106e+01,2.471780000000000044e+01,4.700000000000000000e+01,9.500000000000000000e+01
5.081909999999999172e+01,2.463509999999999778e+01,1.047899999999999920e+01,1.070000000000000000e+02,4.610000000000000000e+02
2.383739999999999881e+01,2.087769999999999726e+01,6.987919999999999732e+01,1.160000000000000000e+02,1.270000000000000000e+02
3.279429999999999978e+01,4.826089999999999947e+01,1.867910000000000181e+01,4.300000000000000000e+01,1.520000000000000000e+02
5.026129999999999853e+01,2.935719999999999885e+01,1.669740000000000180e+01,1.070000000000000000e+02,7.000000000000000000e+00
1.438510000000000133e+01,4.129209999999999781e+01,3.125540000000000163e+01,3.000000000000000000e+01,8.000000000000000000e+00
8.543599999999999639e+00,3.861740000000000350e+01,1.612239999999999895e+01,6.100000000000000000e+01,3.410000000000000000e+02
3.481730000000000302e+01,1.575880000000000081e+01,7.925419999999999732e+01,1.230000000000000000e+02,3.800000000000000000e+02
3.431429999999999580e+01,2.572990000000000066e+01,4.805700000000000216e+01,5.900000000000000000e+01,1.100000000000000000e+01
2.487929999999999708e+01,2.074640000000000128e+01,4.482129999999999370e+01,1.500000000000000000e+01,4.290000000000000000e+02
9.375000000000000000e+00,3.344780000000000086e+01,2.633619999999999806e+01,9.000000000000000000e+00,9.600000000000000000e+01
2.983129999999999882e+01,7.407099999999999795e+00,7.111799999999999677e+00,7.300000000000000000e+01,3.660000000000000000e+02
2.393110000000000070e+01,1.284210000000000029e+01,6.419719999999999516e+01,1.150000000000000000e+02,5.110000000000000000e+02
2.023499999999999943e+01,1.096250000000000036e+01,2.972139999999999915e+01,6.000000000000000000e+00,1.400000000000000000e+02
3.092200000000000060e+01,4.151500000000000412e+00,3.054100000000000037e+00,7.300000000000000000e+01,5.800000000000000000e+01
3.428099999999999881e+01,4.894080000000000297e+01,3.683899999999999508e+00,8.200000000000000000e+01,3.770000000000000000e+02
3.400010000000000332e+01,1.861230000000000118e+01,9.239209999999999923e+01,1.510000000000000000e+02,3.760000000000000000e+02
9.758399999999999963e+00,1.036880000000000024e+01,2.930500000000000327e+00,2.800000000000000000e+01,2.330000000000000000e+02
3.553049999999999642e+01,3.134379999999999811e+01,2.882900000000000240e+00,1.100000000000000000e+02,3.240000000000000000e+02
3.670479999999999876e+01,2.728729999999999833e+01,2.871900000000000119e+00,1.140000000000000000e+02,2.200000000000000000e+01
4.036699999999999733e+01,4.387599999999999767e+01,2.296770000000000067e+01,4.400000000000000000e+01,3.460000000000000000e+02
1.558910000000000018e+01,4.456860000000000355e+01,2.175420000000000087e+01,6.200000000000000000e+01,1.260000000000000000e+02
3.466140000000000043e+01,3.911730000000000018e+01,8.845669999999999789e+01,1.620000000000000000e+02,2.500000000000000000e+01
1.272230000000000061e+01,4.338499999999999801e+01,7.979400000000000048e+00,4.200000000000000000e+01,2.600000000000000000e+01
3.880620000000000402e+01,3.770749999999999602e+01,8.195579999999999643e+01,1.570000000000000000e+02,2.700000000000000000e+01
3.406410000000000338e+01,1.461790000000000056e+01,8.283450000000000557e+01,1.130000000000000000e+02,2.800000000000000000e+01
4.146409999999999485e+01,1.114290000000000092e+01,2.100150000000000006e+01,6.700000000000000000e+01,2.900000000000000000e+01
1.195330000000000048e+01,1.323070000000000057e+01,7.567099999999999937e+00,2.100000000000000000e+01,3.920000000000000000e+02
1.578870000000000040e+01,1.301529999999999987e+01,3.044629999999999725e+01,6.000000000000000000e+00,4.180000000000000000e+02
3.507319999999999993e+01,9.961100000000000065e+00,2.603619999999999735e+01,7.600000000000000000e+01,3.900000000000000000e+01
2.342040000000000077e+01,1.307479999999999976e+01,3.112610000000000099e+01,1.200000000000000000e+01,3.300000000000000000e+01
2.050100000000000122e+01,6.936399999999999899e+00,1.626679999999999993e+01,3.600000000000000000e+01,3.400000000000000000e+01
2.302980000000000160e+01,2.632079999999999842e+01,9.590760000000000218e+01,1.440000000000000000e+02,3.500000000000000000e+01
8.783100000000001017e+00,4.145949999999999847e+01,1.290030000000000143e+01,5.000000000000000000e+01,3.700000000000000000e+01
1.009929999999999950e+01,4.500759999999999650e+01,1.237290000000000134e+01,5.000000000000000000e+01,3.600000000000000000e+01
2.848870000000000147e+01,1.224310000000000009e+01,6.382229999999999848e+01,1.150000000000000000e+02,3.800000000000000000e+01
4.183189999999999742e+01,1.270030000000000037e+01,2.582929999999999993e+01,7.600000000000000000e+01,4.900000000000000000e+01
2.746580000000000155e+01,5.022769999999999868e+01,1.921269999999999811e+01,9.900000000000000000e+01,5.080000000000000000e+02
1.579879999999999818e+01,3.799710000000000321e+01,6.409489999999999554e+01,1.310000000000000000e+02,4.100000000000000000e+01
1.168060000000000009e+01,2.823550000000000182e+01,6.452449999999998909e+01,1.390000000000000000e+02,5.130000000000000000e+02
3.364589999999999748e+01,2.567429999999999879e+01,5.369749999999999801e+01,7.100000000000000000e+01,4.400000000000000000e+02
1.024420000000000108e+01,9.928399999999999892e+00,1.194969999999999999e+01,1.400000000000000000e+01,4.900000000000000000e+02
4.310020000000000095e+01,4.605270000000000152e+01,1.159939999999999927e+01,1.040000000000000000e+02,4.500000000000000000e+01
2.659819999999999851e+01,3.887349999999999994e+01,6.671500000000000341e+01,1.370000000000000000e+02,4.600000000000000000e+01
3.850029999999999575e+01,1.653000000000000114e+01,8.251260000000000616e+01,1.090000000000000000e+02,2.410000000000000000e+02
2.289789999999999992e+01,4.656049999999999756e+01,6.794799999999999507e+00,6.300000000000000000e+01,4.800000000000000000e+01
3.849869999999999948e+01,1.086950000000000038e+01,2.428259999999999863e+01,7.600000000000000000e+01,3.200000000000000000e+01
2.018620000000000303e+01,4.908279999999999887e+01,1.278650000000000020e+01,5.100000000000000000e+01,4.670000000000000000e+02
2.989419999999999789e+01,2.875420000000000087e+01,2.613199999999999967e+00,1.140000000000000000e+02,4.230000000000000000e+02
2.513310000000000244e+01,3.654560000000000031e+01,7.164589999999999748e+01,1.270000000000000000e+02,1.510000000000000000e+02
3.457269999999999754e+01,3.444900000000000517e+01,9.366419999999999391e+01,1.500000000000000000e+02,3.960000000000000000e+02
1.928229999999999933e+01,3.602779999999999916e+01,9.219639999999999702e+01,1.490000000000000000e+02,2.800000000000000000e+02
3.204090000000000060e+01,2.045839999999999748e+01,4.085860000000000269e+01,4.000000000000000000e+01,5.310000000000000000e+02
3.717670000000000385e+01,3.472970000000000113e+01,6.622329999999999472e+01,1.460000000000000000e+02,3.530000000000000000e+02
4.146880000000000166e+01,3.472560000000000002e+01,3.115450000000000230e+01,5.700000000000000000e+01,1.000000000000000000e+02
2.504449999999999577e+01,4.283300000000000551e+00,3.512599999999999945e+00,7.300000000000000000e+01,1.400000000000000000e+01
2.140789999999999793e+01,3.941760000000000019e+01,8.878399999999999181e+01,1.520000000000000000e+02,5.900000000000000000e+01
2.056910000000000238e+01,1.975509999999999877e+01,7.237919999999999732e+01,1.180000000000000000e+02,6.000000000000000000e+01
3.558310000000000173e+01,3.976299999999999812e+01,8.454279999999999973e+01,1.610000000000000000e+02,4.890000000000000000e+02
2.554250000000000043e+01,1.592379999999999995e+01,7.416729999999999734e+01,1.190000000000000000e+02,6.200000000000000000e+01
2.963640000000000185e+01,3.812769999999999726e+01,9.253909999999999059e+01,1.620000000000000000e+02,2.370000000000000000e+02
2.447330000000000183e+01,1.834399999999999764e+01,9.319440000000000168e+01,1.350000000000000000e+02,9.100000000000000000e+01
1.589820000000000100e+01,2.357959999999999923e+01,9.116559999999999775e+01,1.330000000000000000e+02,7.100000000000000000e+01
1.686940000000000239e+01,8.103699999999999903e+00,1.510909999999999975e+01,2.900000000000000000e+01,2.610000000000000000e+02
3.480249999999999488e+01,2.217670000000000030e+01,9.394289999999999452e+01,1.510000000000000000e+02,6.700000000000000000e+01
1.325040000000000084e+01,3.318849999999999767e+01,3.052500000000000213e+00,8.300000000000000000e+01,4.840000000000000000e+02
3.611739999999999640e+01,9.662100000000000577e+00,7.460700000000000998e+00,8.100000000000000000e+01,4.090000000000000000e+02
7.274799999999999045e+00,1.924569999999999936e+01,1.564270000000000138e+01,7.000000000000000000e+00,8.200000000000000000e+01
1.411330000000000062e+01,2.472739999999999938e+01,8.790500000000000114e+01,1.330000000000000000e+02,6.500000000000000000e+01
3.083589999999999876e+01,1.689630000000000010e+01,6.653449999999999420e+01,1.120000000000000000e+02,7.200000000000000000e+01
1.830759999999999721e+01,4.876420000000000243e+01,2.802200000000000024e+00,6.400000000000000000e+01,2.850000000000000000e+02
3.082110000000000127e+01,2.149680000000000035e+01,6.936109999999999332e+01,1.170000000000000000e+02,7.400000000000000000e+01
3.266250000000000142e+01,3.502410000000000423e+01,5.862770000000000437e+01,8.000000000000000000e+01,2.310000000000000000e+02
4.461589999999999634e+01,1.796119999999999806e+01,6.698199999999999932e+00,7.700000000000000000e+01,3.290000000000000000e+02
1.715139999999999887e+01,3.269219999999999970e+01,7.422350000000000136e+01,1.250000000000000000e+02,5.180000000000000000e+02
3.441550000000000153e+01,1.428459999999999930e+01,3.068200000000000038e+00,9.400000000000000000e+01,3.350000000000000000e+02
3.090169999999999817e+01,1.450799999999999912e+01,3.115919999999999845e+01,2.500000000000000000e+01,7.900000000000000000e+01
2.706259999999999621e+01,1.853130000000000166e+01,7.089939999999999998e+01,1.160000000000000000e+02,8.000000000000000000e+01
2.449790000000000134e+01,2.029680000000000106e+01,5.676339999999999719e+01,1.420000000000000000e+02,8.100000000000000000e+01
5.881200000000000649e+00,1.989130000000000109e+01,1.177320000000000100e+01,7.000000000000000000e+00,3.950000000000000000e+02
4.033259999999999934e+01,4.042399999999999949e+01,3.121010000000000062e+01,4.400000000000000000e+01,1.160000000000000000e+02
2.673160000000000025e+01,1.491119999999999912e+01,9.139520000000000266e+01,1.350000000000000000e+02,8.400000000000000000e+01
3.107699999999999818e+01,4.695989999999999753e+01,2.559319999999999951e+01,3.700000000000000000e+01,8.500000000000000000e+01
4.527939999999999543e+01,3.004450000000000287e+01,2.990099999999999980e+00,9.300000000000000000e+01,4.990000000000000000e+02
3.359599999999999653e+01,5.314799999999999969e+00,1.217459999999999987e+01,4.500000000000000000e+01,8.700000000000000000e+01
3.049230000000000018e+01,1.552649999999999864e+01,9.121569999999999823e+01,1.350000000000000000e+02,8.800000000000000000e+01
1.827270000000000039e+01,3.457000000000000028e+01,2.990200000000000191e+00,7.500000000000000000e+01,3.050000000000000000e+02
2.296669999999999945e+01,2.123669999999999902e+01,2.831099999999999728e+00,3.400000000000000000e+01,5.040000000000000000e+02
2.916670000000000229e+01,1.365779999999999994e+01,8.813089999999999691e+01,1.350000000000000000e+02,1.190000000000000000e+02
6.969599999999999795e+00,3.828979999999999961e+01,1.118019999999999925e+01,6.100000000000000000e+01,9.000000000000000000e+00
2.461439999999999984e+01,3.408500000000000085e+01,5.529879999999999995e+01,8.800000000000000000e+01,5.090000000000000000e+02
3.943130000000000024e+01,2.419270000000000209e+01,9.120969999999999800e+01,1.540000000000000000e+02,3.220000000000000000e+02
4.325079999999999814e+01,1.737229999999999919e+01,2.881980000000000075e+01,4.700000000000000000e+01,3.000000000000000000e+00
1.097889999999999944e+01,3.439269999999999783e+01,3.050189999999999912e+01,9.000000000000000000e+00,1.300000000000000000e+01
4.367249999999999943e+01,2.322899999999999920e+01,3.015000000000000124e+00,9.300000000000000000e+01,8.600000000000000000e+01
3.977840000000000487e+01,3.031320000000000192e+01,6.580490000000000350e+01,9.000000000000000000e+01,9.800000000000000000e+01
2.062490000000000023e+01,3.710889999999999844e+01,6.147939999999999827e+01,1.360000000000000000e+02,9.900000000000000000e+01
4.321770000000000067e+01,3.847639999999999816e+01,2.792009999999999792e+01,5.700000000000000000e+01,4.760000000000000000e+02
2.647229999999999706e+01,2.536619999999999919e+01,2.606800000000000228e+00,8.400000000000000000e+01,1.090000000000000000e+02
3.951890000000000214e+01,2.132370000000000232e+01,8.826570000000000960e+01,1.540000000000000000e+02,1.020000000000000000e+02
1.064910000000000068e+01,4.333020000000000493e+01,1.664939999999999998e+01,5.000000000000000000e+01,1.030000000000000000e+02
3.144159999999999755e+01,2.156329999999999814e+01,4.728709999999999525e+01,7.200000000000000000e+01,1.040000000000000000e+02
2.081719999999999970e+01,4.604630000000000223e+01,2.411720000000000041e+01,2.300000000000000000e+01,1.790000000000000000e+02
2.842810000000000059e+01,1.406640000000000157e+01,3.057100000000000151e+00,9.400000000000000000e+01,3.840000000000000000e+02
1.637340000000000018e+01,2.418890000000000029e+01,6.621189999999999998e+01,1.390000000000000000e+02,1.850000000000000000e+02
2.002049999999999841e+01,3.522169999999999845e+01,7.244719999999999516e+01,1.250000000000000000e+02,5.380000000000000000e+02
2.220009999999999906e+01,2.567169999999999774e+01,2.747399999999999842e+00,8.400000000000000000e+01,1.590000000000000000e+02
2.097889999999999944e+01,2.239699999999999847e+01,5.710640000000000072e+01,1.380000000000000000e+02,1.100000000000000000e+02
2.851940000000000097e+01,1.988579999999999970e+01,4.375820000000000221e+01,1.500000000000000000e+01,3.090000000000000000e+02
1.912129999999999797e+01,2.427309999999999945e+01,3.827570000000000050e+01,1.000000000000000000e+01,3.370000000000000000e+02
1.178650000000000020e+01,4.324299999999999500e+01,2.068140000000000001e+01,6.200000000000000000e+01,2.400000000000000000e+01
3.447480000000000189e+01,1.843580000000000041e+01,6.117789999999999395e+01,1.470000000000000000e+02,1.310000000000000000e+02
3.227100000000000080e+00,2.626389999999999958e+01,2.806700000000000195e+00,2.000000000000000000e+01,1.150000000000000000e+02
3.900350000000000250e+01,4.342179999999999751e+01,2.646899999999999764e+01,4.400000000000000000e+01,2.640000000000000000e+02
3.906009999999999849e+01,1.487529999999999930e+01,3.028399999999999981e+00,8.700000000000000000e+01,2.880000000000000000e+02
1.656099999999999994e+01,1.308050000000000068e+01,2.980800000000000338e+00,4.100000000000000000e+01,1.180000000000000000e+02
2.442910000000000181e+01,1.422990000000000066e+01,8.787899999999999068e+01,1.350000000000000000e+02,6.400000000000000000e+01
3.769169999999999732e+01,3.369059999999999633e+01,7.434470000000000312e+01,1.590000000000000000e+02,1.380000000000000000e+02
1.389320000000000022e+01,4.568050000000000210e+01,1.552050000000000018e+01,5.000000000000000000e+01,1.210000000000000000e+02
3.499810000000000088e+01,2.916839999999999833e+01,5.594120000000000203e+01,7.100000000000000000e+01,1.220000000000000000e+02
2.602369999999999806e+01,4.780949999999999989e+01,2.546919999999999717e+01,3.100000000000000000e+01,3.630000000000000000e+02
3.493280000000000030e+01,2.340929999999999822e+01,4.047959999999999781e+01,4.000000000000000000e+01,5.500000000000000000e+01
3.159959999999999880e+01,3.900150000000000006e+01,6.592390000000000327e+01,1.410000000000000000e+02,3.880000000000000000e+02
1.034859999999999935e+01,3.906139999999999901e+01,2.169209999999999994e+01,6.200000000000000000e+01,1.780000000000000000e+02
2.556479999999999819e+01,1.707210000000000250e+01,6.693080000000000496e+01,1.160000000000000000e+02,5.000000000000000000e+00
1.813929999999999865e+01,4.459009999999999962e+01,6.940699999999999648e+00,5.200000000000000000e+01,1.280000000000000000e+02
4.668740000000000379e+01,2.525160000000000338e+01,2.822579999999999956e+01,4.600000000000000000e+01,2.540000000000000000e+02
2.432349999999999923e+01,5.067899999999999849e+00,1.528659999999999997e+01,3.800000000000000000e+01,4.020000000000000000e+02
3.573949999999999960e+01,2.547970000000000113e+01,5.766219999999999857e+01,1.470000000000000000e+02,2.960000000000000000e+02
2.064160000000000039e+01,3.451370000000000005e+01,3.826809999999999690e+01,8.900000000000000000e+01,4.160000000000000000e+02
3.015010000000000190e+01,3.440460000000000207e+01,4.504909999999999570e+01,7.000000000000000000e+01,1.330000000000000000e+02
1.223070000000000057e+01,1.388919999999999888e+01,2.504749999999999943e+01,3.000000000000000000e+00,4.580000000000000000e+02
3.708850000000000335e+01,3.967609999999999815e+01,6.457580000000000098e+01,1.460000000000000000e+02,1.350000000000000000e+02
4.401780000000000115e+01,1.406209999999999916e+01,2.147350000000000136e+01,6.700000000000000000e+01,1.360000000000000000e+02
2.277599999999999980e+01,8.383699999999999264e+00,2.447719999999999985e+01,3.600000000000000000e+01,3.170000000000000000e+02
3.431859999999999644e+01,3.390639999999999787e+01,7.102960000000000207e+01,1.590000000000000000e+02,5.020000000000000000e+02
2.073959999999999937e+01,1.072129999999999939e+01,2.962099999999999955e+00,4.100000000000000000e+01,1.390000000000000000e+02
1.726539999999999964e+01,1.136940000000000062e+01,2.689300000000000068e+01,6.000000000000000000e+00,4.850000000000000000e+02
2.191329999999999956e+01,1.857219999999999871e+01,6.071170000000000044e+01,1.430000000000000000e+02,3.890000000000000000e+02
3.945659999999999457e+01,3.578099999999999881e+01,8.539750000000000796e+01,1.560000000000000000e+02,1.420000000000000000e+02
2.605039999999999978e+01,3.811990000000000123e+01,3.411500000000000199e+01,1.600000000000000000e+01,2.670000000000000000e+02
1.472420000000000151e+01,3.309530000000000172e+01,8.064230000000000587e+01,1.340000000000000000e+02,1.710000000000000000e+02
3.771610000000000440e+01,4.240590000000000259e+01,2.980999999999999872e+00,9.700000000000000000e+01,1.450000000000000000e+02
1.607840000000000202e+01,4.341660000000000252e+01,2.640840000000000032e+01,2.300000000000000000e+01,4.440000000000000000e+02
2.450659999999999883e+01,4.235379999999999967e+01,6.457469999999999288e+01,1.370000000000000000e+02,1.470000000000000000e+02
4.586379999999999768e+01,2.102280000000000015e+01,2.503710000000000235e+01,4.700000000000000000e+01,1.480000000000000000e+02
3.515019999999999811e+01,1.733830000000000027e+01,3.120379999999999754e+01,3.300000000000000000e+01,1.490000000000000000e+02
4.529090000000000060e+01,3.440679999999999694e+01,2.658880000000000265e+01,5.700000000000000000e+01,1.500000000000000000e+02
2.443329999999999913e+01,3.906929999999999836e+01,7.448619999999999663e+01,1.270000000000000000e+02,4.570000000000000000e+02
3.572560000000000002e+01,4.794579999999999842e+01,1.559030000000000094e+01,4.300000000000000000e+01,2.340000000000000000e+02
2.420200000000000173e+01,3.679490000000000549e+01,6.020060000000000144e+01,1.360000000000000000e+02,1.530000000000000000e+02
3.266700000000000159e+00,2.674869999999999592e+01,1.254939999999999856e+01,1.900000000000000000e+01,4.410000000000000000e+02
1.072109999999999985e+01,1.800659999999999883e+01,2.572010000000000218e+01,0.000000000000000000e+00,1.550000000000000000e+02
3.350489999999999924e+01,6.587299999999999933e+00,1.667640000000000100e+01,3.200000000000000000e+01,3.650000000000000000e+02
3.016369999999999862e+01,3.765009999999999479e+01,3.418659999999999854e+01,5.400000000000000000e+01,3.120000000000000000e+02
4.878459999999999752e+01,3.464200000000000301e+01,1.425009999999999977e+01,6.600000000000000000e+01,4.960000000000000000e+02
2.481360000000000099e+01,2.904579999999999984e+01,2.635299999999999976e+00,8.400000000000000000e+01,1.010000000000000000e+02
7.014299999999999535e+00,2.681109999999999971e+01,2.551450000000000173e+01,4.000000000000000000e+00,3.520000000000000000e+02
1.597259999999999991e+01,2.066819999999999879e+01,8.858230000000000359e+01,1.330000000000000000e+02,3.970000000000000000e+02
2.046750000000000114e+01,5.949800000000000644e+00,2.816300000000000026e+00,4.900000000000000000e+01,1.620000000000000000e+02
1.562929999999999886e+01,3.076970000000000027e+01,6.584219999999999118e+01,1.280000000000000000e+02,4.050000000000000000e+02
4.036500000000000199e+01,3.282580000000000098e+01,7.995459999999999923e+01,1.570000000000000000e+02,1.640000000000000000e+02
2.150789999999999935e+01,4.762389999999999901e+01,1.967999999999999972e+01,1.050000000000000000e+02,2.730000000000000000e+02
4.246280000000000143e+01,2.785850000000000293e+01,8.012869999999999493e+01,1.580000000000000000e+02,1.660000000000000000e+02
2.742589999999999861e+01,1.190110000000000134e+01,8.320269999999999300e+01,1.240000000000000000e+02,5.210000000000000000e+02
3.203300000000000125e+01,3.461330000000000240e+01,2.857499999999999929e+00,1.100000000000000000e+02,2.100000000000000000e+01
4.352300000000000324e+01,4.343339999999999890e+01,1.981660000000000110e+01,5.300000000000000000e+01,1.690000000000000000e+02
3.390339999999999776e+01,3.922259999999999991e+01,3.073999999999999844e+00,9.700000000000000000e+01,2.720000000000000000e+02
1.624279999999999902e+01,3.509189999999999543e+01,7.765530000000001110e+01,1.340000000000000000e+02,1.820000000000000000e+02
4.012660000000000338e+01,1.124830000000000041e+01,6.221000000000000085e+00,6.800000000000000000e+01,4.820000000000000000e+02
3.510480000000000445e+01,2.190130000000000265e+01,5.920760000000000645e+01,1.470000000000000000e+02,2.570000000000000000e+02
7.928499999999999659e+00,1.732329999999999970e+01,9.896699999999999164e+00,1.400000000000000000e+01,4.400000000000000000e+01
2.764099999999999824e+01,2.588400000000000034e+00,1.128180000000000049e+01,3.800000000000000000e+01,4.240000000000000000e+02
3.382730000000000103e+01,3.167460000000000164e+01,4.463989999999999725e+01,5.800000000000000000e+01,2.980000000000000000e+02
3.834000000000000341e+01,2.916690000000000182e+01,9.252639999999999532e+01,1.530000000000000000e+02,3.010000000000000000e+02
1.271940000000000026e+01,4.258379999999999654e+01,2.448969999999999914e+01,6.200000000000000000e+01,1.130000000000000000e+02
1.850159999999999982e+01,4.324040000000000106e+01,3.046260000000000190e+01,2.300000000000000000e+01,4.330000000000000000e+02
2.993739999999999668e+01,1.980440000000000111e+01,9.446329999999998961e+01,1.480000000000000000e+02,3.690000000000000000e+02
1.666270000000000095e+01,7.373300000000000409e+00,1.072550000000000026e+01,2.900000000000000000e+01,1.810000000000000000e+02
1.352730000000000032e+01,3.072730000000000317e+01,8.517130000000000223e+01,1.340000000000000000e+02,1.440000000000000000e+02
1.179330000000000034e+01,2.953219999999999601e+01,3.114250000000000185e+01,4.000000000000000000e+00,3.330000000000000000e+02
3.160089999999999932e+01,1.798879999999999768e+01,7.292180000000000462e+01,1.230000000000000000e+02,1.000000000000000000e+01
1.277860000000000085e+01,2.358239999999999981e+01,6.439869999999999095e+01,1.390000000000000000e+02,1.070000000000000000e+02
3.678170000000000073e+01,3.836350000000000193e+01,3.115210000000000079e+01,5.400000000000000000e+01,1.570000000000000000e+02
1.809080000000000155e+01,2.270089999999999719e+01,3.316179999999999950e+01,5.000000000000000000e+00,1.870000000000000000e+02
5.626500000000000057e+00,2.053539999999999921e+01,2.807500000000000107e+00,1.800000000000000000e+01,4.420000000000000000e+02
1.391549999999999976e+01,2.969470000000000098e+01,7.805109999999999104e+01,1.340000000000000000e+02,4.510000000000000000e+02
3.177769999999999584e+01,2.221779999999999688e+01,5.117949999999999733e+01,7.200000000000000000e+01,1.900000000000000000e+02
3.890129999999999910e+01,2.912159999999999727e+01,6.116580000000000439e+01,7.900000000000000000e+01,3.160000000000000000e+02
3.727969999999999828e+01,1.216559999999999953e+01,3.047070000000000078e+01,8.500000000000000000e+01,4.520000000000000000e+02
3.337570000000000192e+01,3.390599999999999881e+01,4.152600000000000335e+01,5.800000000000000000e+01,1.930000000000000000e+02
3.599240000000000350e+01,2.743159999999999954e+01,4.232359999999999900e+01,4.800000000000000000e+01,1.940000000000000000e+02
3.455030000000000001e+01,1.449449999999999861e+01,6.400709999999999411e+01,1.080000000000000000e+02,2.250000000000000000e+02
2.632800000000000296e+01,2.782009999999999650e+01,6.546349999999999625e+01,1.200000000000000000e+02,2.600000000000000000e+02
3.962510000000000332e+01,1.751660000000000039e+01,6.449890000000000612e+01,1.010000000000000000e+02,5.230000000000000000e+02
2.030230000000000246e+01,3.056229999999999691e+01,2.841899999999999871e+00,7.500000000000000000e+01,1.980000000000000000e+02
2.996980000000000288e+01,2.109769999999999968e+01,2.800100000000000033e+00,9.400000000000000000e+01,1.990000000000000000e+02
3.235249999999999915e+01,4.757290000000000418e+01,7.999499999999999389e+00,9.200000000000000000e+01,2.690000000000000000e+02
3.521529999999999916e+01,1.588630000000000031e+01,8.707549999999999102e+01,1.130000000000000000e+02,2.010000000000000000e+02
2.910769999999999769e+01,1.705519999999999925e+01,3.420490000000000208e+01,2.500000000000000000e+01,2.020000000000000000e+02
4.050169999999999959e+01,2.078709999999999880e+01,8.367510000000000048e+01,1.090000000000000000e+02,2.030000000000000000e+02
4.517070000000000363e+01,3.549099999999999966e+01,6.836000000000000298e+00,1.000000000000000000e+02,2.520000000000000000e+02
3.429879999999999995e+01,3.822079999999999700e+01,6.220839999999999748e+01,1.460000000000000000e+02,5.600000000000000000e+01
1.532439999999999891e+01,3.897050000000000125e+01,3.042899999999999938e+00,5.200000000000000000e+01,4.700000000000000000e+02
3.780760000000000076e+01,3.609260000000000446e+01,9.084299999999998931e+01,1.530000000000000000e+02,1.770000000000000000e+02
2.114880000000000138e+01,1.953890000000000171e+01,3.561050000000000182e+01,1.000000000000000000e+01,4.250000000000000000e+02
4.788790000000000191e+01,3.826870000000000260e+01,1.216980000000000040e+01,6.600000000000000000e+01,2.430000000000000000e+02
1.515930000000000000e+01,2.001739999999999853e+01,8.445799999999999841e+01,1.260000000000000000e+02,2.390000000000000000e+02
3.971679999999999922e+01,2.621609999999999729e+01,6.614740000000000464e+01,9.500000000000000000e+01,2.110000000000000000e+02
2.866750000000000043e+01,5.089409999999999457e+01,1.550489999999999924e+01,9.900000000000000000e+01,2.120000000000000000e+02
4.038640000000000185e+01,2.362410000000000210e+01,7.769800000000000750e+01,1.020000000000000000e+02,3.500000000000000000e+02
2.432979999999999876e+01,7.641599999999999504e+00,7.281600000000000961e+00,6.000000000000000000e+01,4.200000000000000000e+02
4.419380000000000308e+01,4.437150000000000460e+01,1.581949999999999967e+01,1.040000000000000000e+02,2.910000000000000000e+02
1.120170000000000066e+01,1.982649999999999935e+01,2.996180000000000021e+01,0.000000000000000000e+00,4.350000000000000000e+02
1.630689999999999884e+01,4.737800000000000011e+01,1.312300000000000111e+01,5.100000000000000000e+01,5.000000000000000000e+01
1.226130000000000031e+01,2.717099999999999937e+01,8.210290000000000532e+01,1.290000000000000000e+02,4.920000000000000000e+02
2.519700000000000273e+01,3.509349999999999881e+01,9.463470000000000937e+01,1.450000000000000000e+02,4.480000000000000000e+02
4.607689999999999486e+01,4.111149999999999949e+01,1.434630000000000116e+01,6.600000000000000000e+01,2.200000000000000000e+02
1.915840000000000032e+01,1.992599999999999838e+01,9.242419999999999902e+01,1.300000000000000000e+02,2.420000000000000000e+02
1.687389999999999901e+01,3.808610000000000184e+01,8.028629999999999711e+01,1.550000000000000000e+02,2.220000000000000000e+02
3.964179999999999637e+01,8.968199999999999505e+00,1.612300000000000111e+01,5.500000000000000000e+01,2.900000000000000000e+02
4.847259999999999991e+01,2.782780000000000342e+01,2.501989999999999981e+01,5.600000000000000000e+01,0.000000000000000000e+00
3.524030000000000484e+01,1.772269999999999968e+01,6.596899999999999409e+01,1.080000000000000000e+02,1.950000000000000000e+02
2.771519999999999939e+01,7.109699999999999243e+00,2.936900000000000066e+00,7.300000000000000000e+01,1.700000000000000000e+01
3.001159999999999783e+01,4.297749999999999915e+01,6.440770000000000550e+01,1.410000000000000000e+02,2.270000000000000000e+02
3.638329999999999842e+01,2.400900000000000034e+01,3.682420000000000471e+01,3.300000000000000000e+01,5.370000000000000000e+02
5.075979999999999848e+01,2.992830000000000368e+01,2.827899999999999636e+00,1.060000000000000000e+02,5.420000000000000000e+02
3.407849999999999824e+01,2.984789999999999921e+01,4.845819999999999794e+01,5.900000000000000000e+01,2.300000000000000000e+02
2.996349999999999980e+01,3.439470000000000027e+01,5.544139999999999446e+01,8.000000000000000000e+01,7.500000000000000000e+01
1.900060000000000215e+01,3.929210000000000491e+01,8.546370000000000289e+01,1.520000000000000000e+02,3.210000000000000000e+02
1.258720000000000105e+01,1.378979999999999961e+01,2.931799999999999962e+00,2.800000000000000000e+01,2.000000000000000000e+01
3.709550000000000125e+01,4.636549999999999727e+01,1.907029999999999959e+01,4.300000000000000000e+01,4.930000000000000000e+02
5.164959999999999241e+01,2.538909999999999911e+01,2.803599999999999870e+00,8.600000000000000000e+01,4.870000000000000000e+02
4.095340000000000202e+01,1.349289999999999878e+01,2.980269999999999797e+01,8.500000000000000000e+01,1.920000000000000000e+02
2.587519999999999953e+01,4.130499999999999972e+01,8.864360000000000639e+01,1.620000000000000000e+02,2.470000000000000000e+02
4.645329999999999870e+01,1.766409999999999769e+01,1.823199999999999932e+01,1.110000000000000000e+02,3.860000000000000000e+02
1.642689999999999984e+01,1.662430000000000163e+01,8.297960000000000491e+01,1.260000000000000000e+02,2.100000000000000000e+02
2.642320000000000135e+01,7.398900000000000254e+00,2.628400000000000247e+01,2.400000000000000000e+01,5.410000000000000000e+02
3.935609999999999786e+01,1.981499999999999773e+01,8.006289999999999907e+01,1.090000000000000000e+02,4.700000000000000000e+01
2.027929999999999922e+01,1.609609999999999985e+01,8.843950000000000955e+01,1.300000000000000000e+02,2.210000000000000000e+02
4.677559999999999718e+01,3.779019999999999868e+01,1.667239999999999966e+01,6.600000000000000000e+01,2.090000000000000000e+02
2.589540000000000219e+01,2.092630000000000123e+01,4.935949999999999704e+01,2.200000000000000000e+01,2.440000000000000000e+02
5.103750000000000142e+01,3.029959999999999809e+01,1.268950000000000067e+01,1.070000000000000000e+02,4.000000000000000000e+00
2.910010000000000119e+01,3.688230000000000075e+01,5.932539999999999480e+01,8.000000000000000000e+01,2.460000000000000000e+02
3.015709999999999624e+01,4.076539999999999964e+01,8.928640000000000043e+01,1.620000000000000000e+02,6.300000000000000000e+01
1.911380000000000123e+01,3.990830000000000410e+01,6.467090000000000316e+01,1.310000000000000000e+02,2.480000000000000000e+02
2.274609999999999843e+01,3.394369999999999976e+01,7.001720000000000255e+01,1.270000000000000000e+02,5.200000000000000000e+01
3.644480000000000075e+01,3.073679999999999879e+01,6.757529999999999859e+01,9.000000000000000000e+01,2.500000000000000000e+02
2.285350000000000037e+01,3.805080000000000240e+01,6.630219999999999914e+01,1.310000000000000000e+02,2.510000000000000000e+02
4.744429999999999836e+01,3.253399999999999892e+01,7.946000000000000618e+00,1.000000000000000000e+02,2.040000000000000000e+02
4.445049999999999812e+01,1.243090000000000117e+01,1.766560000000000130e+01,6.700000000000000000e+01,2.530000000000000000e+02
4.663459999999999894e+01,3.053500000000000014e+01,2.748229999999999862e+01,4.600000000000000000e+01,4.680000000000000000e+02
1.488419999999999987e+01,2.805139999999999745e+01,7.457169999999999277e+01,1.210000000000000000e+02,3.510000000000000000e+02
2.737180000000000035e+01,4.162089999999999890e+01,7.632500000000000284e+01,1.600000000000000000e+02,4.390000000000000000e+02
3.189589999999999748e+01,2.136149999999999949e+01,5.577140000000000697e+01,1.470000000000000000e+02,1.730000000000000000e+02
3.290549999999999642e+01,5.034750000000000369e+01,1.100309999999999988e+01,9.200000000000000000e+01,2.580000000000000000e+02
9.808199999999999363e+00,3.791189999999999571e+01,8.057900000000000063e+00,3.500000000000000000e+01,4.620000000000000000e+02
2.983120000000000260e+01,2.953209999999999980e+01,6.616899999999999693e+01,1.200000000000000000e+02,5.200000000000000000e+02
1.338119999999999798e+01,9.709400000000000475e+00,9.748700000000001253e+00,2.900000000000000000e+01,6.600000000000000000e+01
3.100150000000000006e+01,1.518079999999999963e+01,6.247140000000000271e+01,1.150000000000000000e+02,1.500000000000000000e+01
3.618379999999999797e+01,3.590510000000000446e+01,2.985100000000000087e+00,1.030000000000000000e+02,2.630000000000000000e+02
3.733620000000000516e+01,4.297790000000000532e+01,3.036659999999999826e+01,4.400000000000000000e+01,8.300000000000000000e+01
1.276879999999999882e+01,9.714100000000000179e+00,1.480620000000000047e+01,2.900000000000000000e+01,2.650000000000000000e+02
3.086960000000000193e+01,3.852909999999999968e+01,7.401030000000000086e+01,1.600000000000000000e+02,2.560000000000000000e+02
2.221819999999999951e+01,3.661180000000000234e+01,3.387389999999999901e+01,1.600000000000000000e+01,1.430000000000000000e+02
1.998060000000000258e+01,3.894719999999999516e+01,7.800010000000000332e+01,1.550000000000000000e+02,2.680000000000000000e+02
2.898019999999999996e+01,5.069890000000000185e+01,9.728600000000000136e+00,9.200000000000000000e+01,2.000000000000000000e+02
3.509650000000000603e+01,6.251100000000000101e+00,2.819999999999999840e+00,8.100000000000000000e+01,2.700000000000000000e+02
4.802890000000000015e+01,2.112809999999999988e+01,1.774800000000000111e+01,1.110000000000000000e+02,2.710000000000000000e+02
4.094809999999999661e+01,4.005699999999999505e+01,2.995600000000000041e+00,9.700000000000000000e+01,1.700000000000000000e+02
2.485099999999999909e+01,4.839950000000000330e+01,2.177289999999999992e+01,1.050000000000000000e+02,1.650000000000000000e+02
4.667020000000000124e+01,2.824300000000000210e+01,3.062190000000000367e+01,4.600000000000000000e+01,2.740000000000000000e+02
1.830559999999999832e+01,1.804990000000000094e+01,7.504720000000000368e+01,1.220000000000000000e+02,2.750000000000000000e+02
3.900280000000000058e+01,2.396330000000000027e+01,6.184340000000000259e+01,1.010000000000000000e+02,3.820000000000000000e+02
8.400399999999999423e+00,1.334539999999999971e+01,1.111329999999999885e+01,1.400000000000000000e+01,1.740000000000000000e+02
4.780859999999999843e+01,2.572039999999999793e+01,7.019099999999999895e+00,8.600000000000000000e+01,2.780000000000000000e+02
4.148040000000000305e+01,2.780669999999999931e+01,7.579259999999999309e+01,9.600000000000000000e+01,4.860000000000000000e+02
2.270669999999999789e+01,3.773920000000000385e+01,9.198539999999999850e+01,1.490000000000000000e+02,5.400000000000000000e+01
7.388899999999999579e+00,3.350130000000000052e+01,1.943580000000000041e+01,8.000000000000000000e+00,3.640000000000000000e+02
3.527060000000000173e+01,1.890070000000000050e+01,2.976699999999999680e+00,9.400000000000000000e+01,7.800000000000000000e+01
4.209669999999999845e+01,2.978729999999999833e+01,3.111720000000000041e+01,6.900000000000000000e+01,2.830000000000000000e+02
4.260519999999999641e+01,2.113599999999999923e+01,3.119089999999999918e+01,3.900000000000000000e+01,4.800000000000000000e+02
1.475839999999999996e+01,4.727150000000000318e+01,2.802899999999999725e+00,6.400000000000000000e+01,7.300000000000000000e+01
1.956060000000000088e+01,3.359230000000000160e+01,6.011659999999999826e+01,1.360000000000000000e+02,2.860000000000000000e+02
1.068540000000000134e+01,4.092390000000000327e+01,5.359700000000000131e+00,3.500000000000000000e+01,2.870000000000000000e+02
3.838900000000000290e+01,2.209230000000000160e+01,3.026100000000000012e+00,8.700000000000000000e+01,5.300000000000000000e+02
2.128009999999999735e+01,2.600589999999999691e+01,5.237880000000000535e+01,8.800000000000000000e+01,5.120000000000000000e+02
3.994610000000000127e+01,7.936799999999999855e+00,1.077179999999999893e+01,5.500000000000000000e+01,2.230000000000000000e+02
3.946730000000000160e+01,4.675309999999999633e+01,1.436289999999999978e+01,1.040000000000000000e+02,2.150000000000000000e+02
2.713420000000000343e+01,2.152130000000000010e+01,6.745259999999998968e+01,1.160000000000000000e+02,2.920000000000000000e+02
2.373170000000000002e+01,3.484280000000000399e+01,4.115950000000000131e+01,8.900000000000000000e+01,4.280000000000000000e+02
3.497529999999999717e+01,3.961039999999999850e+01,8.054149999999999920e+01,1.610000000000000000e+02,4.460000000000000000e+02
1.970810000000000173e+01,8.541000000000000369e+00,2.065139999999999887e+01,3.600000000000000000e+01,1.370000000000000000e+02
3.149279999999999902e+01,1.940320000000000178e+01,5.903779999999999717e+01,1.470000000000000000e+02,1.140000000000000000e+02
8.067700000000000315e+00,1.424739999999999895e+01,2.802599999999999980e+00,2.800000000000000000e+01,2.970000000000000000e+02
3.565599999999999881e+01,3.091349999999999909e+01,3.930580000000000496e+01,5.800000000000000000e+01,1.760000000000000000e+02
1.592689999999999984e+01,9.545500000000000540e+00,1.872149999999999892e+01,3.600000000000000000e+01,2.990000000000000000e+02
1.804879999999999995e+01,1.745400000000000063e+01,6.264800000000000324e+01,1.430000000000000000e+02,3.000000000000000000e+02
3.966479999999999961e+01,3.252929999999999922e+01,8.973539999999999850e+01,1.530000000000000000e+02,2.070000000000000000e+02
4.626599999999999824e+01,4.196779999999999688e+01,2.813200000000000145e+00,9.800000000000000000e+01,5.010000000000000000e+02
2.782990000000000208e+01,2.029169999999999874e+01,5.465100000000000335e+01,1.420000000000000000e+02,3.030000000000000000e+02
3.752920000000000300e+01,2.824929999999999808e+01,3.696539999999999537e+01,6.900000000000000000e+01,5.330000000000000000e+02
2.235139999999999816e+01,3.404960000000000520e+01,2.847399999999999931e+00,7.500000000000000000e+01,8.900000000000000000e+01
2.698989999999999867e+01,1.477110000000000056e+01,3.121769999999999712e+01,1.200000000000000000e+01,3.550000000000000000e+02
7.720299999999999052e+00,3.185930000000000106e+01,2.291140000000000043e+01,9.000000000000000000e+00,3.070000000000000000e+02
4.256619999999999493e+01,2.603359999999999985e+01,8.408889999999999532e+01,1.580000000000000000e+02,3.080000000000000000e+02
2.167949999999999733e+01,2.101889999999999858e+01,4.077939999999999543e+01,1.500000000000000000e+01,1.200000000000000000e+01
3.361580000000000013e+01,1.037579999999999991e+01,2.953549999999999898e+01,1.700000000000000000e+01,4.100000000000000000e+02
9.291000000000000369e+00,3.399190000000000111e+01,6.783799999999999386e+00,2.700000000000000000e+01,4.950000000000000000e+02
3.269729999999999848e+01,4.103800000000000381e+01,3.111110000000000397e+01,5.400000000000000000e+01,5.170000000000000000e+02
4.263799999999999812e+00,2.696899999999999764e+01,1.628880000000000194e+01,8.000000000000000000e+00,4.790000000000000000e+02
3.822960000000000491e+01,4.780590000000000117e+01,1.066670000000000051e+01,1.040000000000000000e+02,3.140000000000000000e+02
6.479000000000000092e+00,3.247160000000000224e+01,9.133599999999999497e+00,1.900000000000000000e+01,4.740000000000000000e+02
3.593829999999999814e+01,3.108929999999999794e+01,5.910660000000000025e+01,7.900000000000000000e+01,1.910000000000000000e+02
2.355949999999999989e+01,6.844999999999999751e+00,2.030530000000000257e+01,3.600000000000000000e+01,2.950000000000000000e+02
1.885269999999999868e+01,2.725719999999999743e+01,5.731260000000000332e+01,1.320000000000000000e+02,3.900000000000000000e+02
2.726980000000000004e+01,4.706910000000000593e+01,2.978640000000000043e+01,3.100000000000000000e+01,1.230000000000000000e+02
3.170789999999999864e+01,2.399040000000000106e+01,9.572920000000000584e+01,1.510000000000000000e+02,1.900000000000000000e+01
2.319920000000000115e+01,4.103069999999999595e+01,8.546589999999999065e+01,1.520000000000000000e+02,2.320000000000000000e+02
3.746329999999999671e+01,2.061659999999999826e+01,9.156029999999999802e+01,1.540000000000000000e+02,9.400000000000000000e+01
9.760500000000000398e+00,1.735820000000000007e+01,2.149690000000000012e+01,3.000000000000000000e+00,1.340000000000000000e+02
2.744819999999999993e+01,3.449199999999999733e+01,2.780299999999999994e+00,1.100000000000000000e+02,1.680000000000000000e+02
4.694839999999999947e+01,2.078609999999999758e+01,8.202600000000000335e+00,8.600000000000000000e+01,1.000000000000000000e+00
2.811549999999999727e+01,3.456360000000000099e+01,5.021459999999999724e+01,7.800000000000000000e+01,4.880000000000000000e+02
1.718580000000000041e+01,1.952619999999999933e+01,3.118949999999999889e+01,1.000000000000000000e+00,4.530000000000000000e+02
2.466110000000000113e+01,4.993589999999999662e+01,9.585000000000000853e+00,6.300000000000000000e+01,3.280000000000000000e+02
4.698689999999999856e+01,1.596620000000000061e+01,3.615100000000000424e+00,7.700000000000000000e+01,5.030000000000000000e+02
8.057599999999998985e+00,2.276510000000000034e+01,2.334120000000000061e+01,2.000000000000000000e+00,3.300000000000000000e+02
3.359120000000000061e+01,2.856750000000000256e+01,9.547240000000000748e+01,1.500000000000000000e+02,3.870000000000000000e+02
3.298219999999999885e+01,2.897100000000000364e+01,6.848689999999999145e+01,9.000000000000000000e+01,3.320000000000000000e+02
8.333099999999999952e+00,2.872569999999999979e+01,2.947670000000000101e+01,4.000000000000000000e+00,1.830000000000000000e+02
1.843169999999999931e+01,2.649730000000000274e+01,2.885099999999999998e+00,8.300000000000000000e+01,6.800000000000000000e+01
2.716329999999999956e+01,1.781520000000000081e+01,2.898800000000000043e+00,9.400000000000000000e+01,2.820000000000000000e+02
2.136120000000000019e+01,1.558329999999999949e+01,7.814849999999999852e+01,1.240000000000000000e+02,3.560000000000000000e+02
1.745670000000000144e+01,2.765960000000000107e+01,3.724960000000000093e+01,1.000000000000000000e+01,1.120000000000000000e+02
1.544830000000000148e+01,1.078770000000000095e+01,2.230819999999999936e+01,3.600000000000000000e+01,3.380000000000000000e+02
3.460409999999999542e+01,2.155509999999999948e+01,6.795069999999999766e+01,1.170000000000000000e+02,3.390000000000000000e+02
1.891549999999999798e+01,3.423029999999999973e+01,3.340959999999999752e+01,1.100000000000000000e+01,3.540000000000000000e+02
6.324200000000000266e+00,3.508029999999999404e+01,1.353040000000000020e+01,6.100000000000000000e+01,9.200000000000000000e+01
4.300740000000000407e+01,4.176719999999999544e+01,7.333700000000000330e+00,9.800000000000000000e+01,3.420000000000000000e+02
4.366429999999999723e+01,4.469529999999999603e+01,4.030000000000000249e+00,9.800000000000000000e+01,3.430000000000000000e+02
4.387809999999999633e+01,2.735409999999999897e+01,6.431510000000000105e+01,9.500000000000000000e+01,3.440000000000000000e+02
4.019570000000000221e+01,3.034780000000000300e+01,3.053900000000000059e+00,9.300000000000000000e+01,3.450000000000000000e+02
4.266120000000000090e+01,4.173539999999999850e+01,2.519399999999999906e+01,4.400000000000000000e+01,4.490000000000000000e+02
2.350349999999999895e+01,1.398399999999999999e+01,8.122350000000000136e+01,1.240000000000000000e+02,3.360000000000000000e+02
3.372429999999999950e+01,7.793000000000000149e+00,2.050679999999999836e+01,3.200000000000000000e+01,3.480000000000000000e+02
4.460940000000000083e+01,3.981259999999999621e+01,2.123689999999999856e+01,5.300000000000000000e+01,3.490000000000000000e+02
3.861129999999999995e+01,2.388800000000000168e+01,7.425190000000000623e+01,1.020000000000000000e+02,2.130000000000000000e+02
1.857409999999999783e+01,2.720119999999999649e+01,6.816610000000000014e+01,1.210000000000000000e+02,4.910000000000000000e+02
1.011019999999999897e+01,2.548750000000000071e+01,3.121780000000000044e+01,4.000000000000000000e+00,1.600000000000000000e+02
3.749060000000000059e+01,3.554469999999999885e+01,6.205589999999999407e+01,1.460000000000000000e+02,2.050000000000000000e+02
1.784850000000000136e+01,3.054149999999999920e+01,3.481110000000000326e+01,1.100000000000000000e+01,3.400000000000000000e+02
2.450580000000000069e+01,9.407300000000001106e+00,3.045599999999999952e+01,1.200000000000000000e+01,3.060000000000000000e+02
2.601060000000000016e+01,1.363030000000000008e+01,7.826570000000000960e+01,1.240000000000000000e+02,1.670000000000000000e+02
4.441720000000000113e+01,1.160700000000000109e+01,4.351799999999999891e+00,6.800000000000000000e+01,4.780000000000000000e+02
1.564609999999999879e+01,2.379479999999999862e+01,3.042100000000000026e+00,2.600000000000000000e+01,5.430000000000000000e+02
1.687509999999999977e+01,3.710119999999999862e+01,8.786669999999999447e+01,1.520000000000000000e+02,3.590000000000000000e+02
4.963960000000000150e+01,2.882440000000000069e+01,8.604799999999999116e+00,1.000000000000000000e+02,3.600000000000000000e+02
1.613149999999999906e+01,2.010040000000000049e+01,7.803640000000000043e+01,1.220000000000000000e+02,3.610000000000000000e+02
1.132179999999999964e+01,1.318229999999999968e+01,2.091830000000000211e+01,3.000000000000000000e+00,3.620000000000000000e+02
3.182469999999999999e+01,4.527139999999999986e+01,3.033060000000000045e+01,3.100000000000000000e+01,4.690000000000000000e+02
5.626400000000000290e+00,3.069209999999999994e+01,1.737819999999999965e+01,8.000000000000000000e+00,3.130000000000000000e+02
3.083600000000000207e+01,7.355900000000000105e+00,2.311570000000000036e+01,3.200000000000000000e+01,1.560000000000000000e+02
3.038139999999999574e+01,1.070739999999999981e+01,3.011300000000000310e+00,7.300000000000000000e+01,2.260000000000000000e+02
2.397569999999999979e+01,4.146700000000000053e+00,1.162650000000000006e+01,6.000000000000000000e+01,5.160000000000000000e+02
2.673479999999999634e+01,4.039400000000000546e+01,6.201659999999999684e+01,1.370000000000000000e+02,3.680000000000000000e+02
2.675919999999999987e+01,2.176440000000000197e+01,9.556619999999999493e+01,1.480000000000000000e+02,1.800000000000000000e+02
9.848700000000000898e+00,2.288850000000000051e+01,2.962600000000000122e+00,1.800000000000000000e+01,3.700000000000000000e+02
3.612679999999999580e+01,4.507920000000000016e+01,7.069200000000000372e+00,9.100000000000000000e+01,5.350000000000000000e+02
1.440800000000000125e+01,2.021490000000000009e+01,3.065599999999999881e+00,2.600000000000000000e+01,3.720000000000000000e+02
1.261799999999999855e+01,4.012100000000000222e+01,2.798120000000000118e+01,3.000000000000000000e+01,4.300000000000000000e+02
3.987519999999999953e+01,3.444439999999999458e+01,3.096999999999999975e+00,1.030000000000000000e+02,3.740000000000000000e+02
2.540569999999999595e+01,4.616040000000000276e+01,2.967699999999999783e+00,7.400000000000000000e+01,3.750000000000000000e+02
3.639289999999999736e+01,2.570950000000000202e+01,9.385139999999999816e+01,1.510000000000000000e+02,3.200000000000000000e+02
3.411719999999999686e+01,4.465740000000000265e+01,2.958300000000000374e+00,8.200000000000000000e+01,5.360000000000000000e+02
2.077120000000000033e+01,2.884590000000000032e+01,4.942589999999999861e+01,8.800000000000000000e+01,3.780000000000000000e+02
2.072830000000000084e+01,2.403260000000000218e+01,4.285919999999999419e+01,1.000000000000000000e+01,3.790000000000000000e+02
3.407469999999999999e+01,1.639620000000000033e+01,7.556399999999999295e+01,1.230000000000000000e+02,1.840000000000000000e+02
2.625850000000000151e+01,1.793939999999999912e+01,3.718240000000000123e+01,1.500000000000000000e+01,3.810000000000000000e+02
3.873409999999999798e+01,2.154079999999999728e+01,6.566149999999998954e+01,1.010000000000000000e+02,2.760000000000000000e+02
2.240200000000000102e+01,2.239499999999999957e+01,9.519629999999999370e+01,1.440000000000000000e+02,3.830000000000000000e+02
3.138159999999999883e+01,1.728329999999999700e+01,2.976900000000000102e+00,9.400000000000000000e+01,1.060000000000000000e+02
1.710289999999999822e+01,3.248229999999999507e+01,9.175750000000000739e+01,1.490000000000000000e+02,3.850000000000000000e+02
4.891219999999999857e+01,2.039600000000000080e+01,1.367130000000000045e+01,1.110000000000000000e+02,2.380000000000000000e+02
2.971049999999999969e+01,3.502720000000000056e+01,9.475079999999999814e+01,1.500000000000000000e+02,5.300000000000000000e+01
3.032349999999999923e+01,3.527729999999999677e+01,6.833399999999998897e+01,1.410000000000000000e+02,5.400000000000000000e+02
1.868909999999999982e+01,2.094010000000000105e+01,6.091550000000000153e+01,1.430000000000000000e+02,1.410000000000000000e+02
1.624490000000000123e+01,2.740389999999999660e+01,6.074939999999999429e+01,1.320000000000000000e+02,3.180000000000000000e+02
1.567350000000000065e+01,3.090430000000000277e+01,3.120769999999999911e+01,1.100000000000000000e+01,3.910000000000000000e+02
1.579739999999999966e+01,1.124419999999999931e+01,6.531499999999999417e+00,2.100000000000000000e+01,5.320000000000000000e+02
2.914189999999999969e+01,3.680969999999999942e+01,3.802909999999999968e+01,7.000000000000000000e+01,4.130000000000000000e+02
4.530180000000000007e+01,4.300679999999999836e+01,1.014140000000000086e+01,9.800000000000000000e+01,3.940000000000000000e+02
5.467299999999999827e+00,2.319020000000000081e+01,1.504590000000000138e+01,7.000000000000000000e+00,7.000000000000000000e+01
3.195810000000000173e+01,3.205109999999999815e+01,9.551519999999999300e+01,1.500000000000000000e+02,3.310000000000000000e+02
1.374970000000000070e+01,2.781040000000000134e+01,9.062130000000000507e+01,1.330000000000000000e+02,1.610000000000000000e+02
3.841760000000000019e+01,2.994749999999999801e+01,3.212530000000000285e+01,6.900000000000000000e+01,3.040000000000000000e+02
2.047940000000000182e+01,2.957350000000000279e+01,4.494449999999999790e+01,8.900000000000000000e+01,3.990000000000000000e+02
2.827430000000000376e+01,2.602610000000000312e+01,9.692210000000000036e+01,1.480000000000000000e+02,4.000000000000000000e+02
2.065909999999999869e+01,1.730059999999999931e+01,6.590879999999999939e+01,1.430000000000000000e+02,4.940000000000000000e+02
2.756449999999999889e+01,5.391900000000000581e+00,2.101239999999999952e+01,3.800000000000000000e+01,1.300000000000000000e+02
2.458060000000000045e+01,3.764209999999999923e+01,2.954699999999999882e+00,6.500000000000000000e+01,4.830000000000000000e+02
3.121199999999999974e+01,1.885689999999999955e+01,3.703300000000000125e+01,2.500000000000000000e+01,4.040000000000000000e+02
1.631279999999999930e+01,3.318110000000000070e+01,6.230819999999999936e+01,1.280000000000000000e+02,4.710000000000000000e+02
3.637290000000000134e+01,2.576249999999999929e+01,6.793590000000000373e+01,9.000000000000000000e+01,4.060000000000000000e+02
4.164489999999999981e+01,2.690129999999999910e+01,8.896800000000000352e+01,1.580000000000000000e+02,4.070000000000000000e+02
2.477019999999999911e+01,1.235720000000000063e+01,3.060699999999999754e+00,4.100000000000000000e+01,4.080000000000000000e+02
3.499200000000000443e+01,1.038290000000000113e+01,2.944599999999999884e+00,8.100000000000000000e+01,6.900000000000000000e+01
2.929089999999999705e+01,1.044869999999999877e+01,3.119660000000000366e+01,1.700000000000000000e+01,3.100000000000000000e+02
3.359300000000000352e+01,3.524300000000000210e+01,3.718690000000000140e+01,5.800000000000000000e+01,4.110000000000000000e+02
3.811330000000000240e+01,3.660909999999999798e+01,7.699790000000000134e+01,1.590000000000000000e+02,1.200000000000000000e+02
2.733940000000000126e+01,3.612770000000000437e+01,4.179610000000000269e+01,7.000000000000000000e+01,3.930000000000000000e+02
1.403870000000000040e+01,4.615949999999999420e+01,1.020839999999999925e+01,4.200000000000000000e+01,4.140000000000000000e+02
3.759159999999999968e+01,1.978109999999999857e+01,7.493980000000000530e+01,1.020000000000000000e+02,4.150000000000000000e+02
2.070439999999999969e+01,3.207390000000000185e+01,4.156530000000000058e+01,8.900000000000000000e+01,2.930000000000000000e+02
1.451890000000000214e+01,2.411420000000000030e+01,7.782030000000000314e+01,1.220000000000000000e+02,4.170000000000000000e+02
1.943799999999999883e+01,1.456040000000000134e+01,3.113319999999999865e+01,6.000000000000000000e+00,3.100000000000000000e+01
2.128579999999999828e+01,1.654529999999999745e+01,3.047699999999999854e+00,3.400000000000000000e+01,4.190000000000000000e+02
2.037610000000000099e+01,5.482700000000000351e+00,1.109399999999999942e+01,6.000000000000000000e+01,3.670000000000000000e+02
1.680780000000000030e+01,2.273179999999999978e+01,7.445029999999999859e+01,1.220000000000000000e+02,4.210000000000000000e+02
4.136700000000000266e+00,3.119799999999999685e+01,2.805099999999999927e+00,2.000000000000000000e+01,4.220000000000000000e+02
3.280660000000000309e+01,2.568520000000000181e+01,2.741899999999999782e+00,1.140000000000000000e+02,5.100000000000000000e+01
2.892670000000000030e+01,4.675100000000000477e+00,1.662170000000000059e+01,3.800000000000000000e+01,1.750000000000000000e+02
1.876460000000000150e+01,2.795170000000000243e+01,4.085880000000000223e+01,1.000000000000000000e+01,2.080000000000000000e+02
4.495239999999999725e+01,9.816200000000000259e+00,1.147889999999999944e+01,6.800000000000000000e+01,1.720000000000000000e+02
2.712769999999999726e+01,4.271090000000000231e+01,8.526420000000000243e+01,1.620000000000000000e+02,4.270000000000000000e+02
2.227779999999999916e+01,3.329889999999999617e+01,4.492580000000000240e+01,8.900000000000000000e+01,1.320000000000000000e+02
2.612910000000000110e+01,1.919359999999999999e+01,4.083319999999999794e+01,1.500000000000000000e+01,1.110000000000000000e+02
1.384609999999999985e+01,3.750390000000000157e+01,3.119680000000000319e+01,3.000000000000000000e+01,3.730000000000000000e+02
7.903799999999999493e+00,2.956389999999999674e+01,2.937699999999999978e+00,2.000000000000000000e+01,4.310000000000000000e+02
4.129310000000000258e+01,1.906579999999999941e+01,3.034600000000000186e+00,8.700000000000000000e+01,4.320000000000000000e+02
2.094500000000000028e+01,4.502309999999999945e+01,2.781489999999999796e+01,2.300000000000000000e+01,1.460000000000000000e+02
2.363149999999999906e+01,4.070439999999999969e+01,7.905809999999999604e+01,1.550000000000000000e+02,4.340000000000000000e+02
9.529500000000000526e+00,2.182160000000000011e+01,2.705549999999999855e+01,0.000000000000000000e+00,2.160000000000000000e+02
4.138939999999999486e+01,3.186050000000000182e+01,8.422100000000000364e+01,1.560000000000000000e+02,4.360000000000000000e+02
1.828989999999999938e+01,2.585089999999999932e+01,9.356669999999999732e+01,1.400000000000000000e+02,4.370000000000000000e+02
8.033899999999999153e+00,3.806010000000000559e+01,3.946800000000000530e+00,3.500000000000000000e+01,2.590000000000000000e+02
3.179560000000000031e+01,4.017350000000000421e+01,7.728449999999999420e+01,1.600000000000000000e+02,2.660000000000000000e+02
3.281309999999999860e+01,3.176889999999999858e+01,5.392110000000000269e+01,7.100000000000000000e+01,4.300000000000000000e+01
4.728600000000000136e+00,3.125410000000000110e+01,1.349360000000000070e+01,1.900000000000000000e+01,5.390000000000000000e+02
8.908500000000000085e+00,2.071839999999999904e+01,6.244699999999999918e+00,1.800000000000000000e+01,1.880000000000000000e+02
1.662650000000000006e+01,2.649820000000000064e+01,3.349210000000000065e+01,5.000000000000000000e+00,4.430000000000000000e+02
2.323359999999999914e+01,4.461129999999999995e+01,3.124029999999999774e+01,2.300000000000000000e+01,1.050000000000000000e+02
1.902270000000000039e+01,3.853320000000000078e+01,3.115649999999999764e+01,1.600000000000000000e+01,4.810000000000000000e+02
3.213380000000000081e+01,4.122739999999999583e+01,8.244160000000000821e+01,1.610000000000000000e+02,2.940000000000000000e+02
2.264150000000000063e+01,2.249859999999999971e+01,5.105539999999999168e+01,2.200000000000000000e+01,4.470000000000000000e+02
2.180280000000000129e+01,3.234040000000000248e+01,9.506119999999999948e+01,1.450000000000000000e+02,2.190000000000000000e+02
3.477960000000000207e+01,4.482519999999999527e+01,2.765820000000000078e+01,4.400000000000000000e+01,2.300000000000000000e+01
2.379520000000000124e+01,2.585200000000000387e+01,6.755949999999999989e+01,1.200000000000000000e+02,4.500000000000000000e+02
1.522660000000000124e+01,3.563719999999999999e+01,8.389710000000000889e+01,1.340000000000000000e+02,1.890000000000000000e+02
3.903349999999999653e+01,1.657479999999999976e+01,3.111769999999999925e+01,8.500000000000000000e+01,2.360000000000000000e+02
1.418820000000000014e+01,2.313469999999999871e+01,3.112690000000000268e+01,1.000000000000000000e+00,5.050000000000000000e+02
2.634159999999999968e+01,3.087559999999999860e+01,9.629819999999999425e+01,1.450000000000000000e+02,4.540000000000000000e+02
3.794359999999999644e+01,9.246199999999999974e+00,1.949500000000000099e+01,5.500000000000000000e+01,4.550000000000000000e+02
2.585529999999999617e+01,3.467589999999999861e+01,4.571720000000000539e+01,7.800000000000000000e+01,3.260000000000000000e+02
2.663659999999999783e+01,3.365619999999999834e+01,6.878100000000000591e+01,1.270000000000000000e+02,2.490000000000000000e+02
9.456599999999999895e+00,1.545880000000000010e+01,1.774959999999999738e+01,3.000000000000000000e+00,3.230000000000000000e+02
2.788149999999999906e+01,1.826940000000000097e+01,5.837759999999999394e+01,1.420000000000000000e+02,4.590000000000000000e+02
2.855199999999999960e+01,4.862529999999999575e+01,6.276399999999999757e+00,8.200000000000000000e+01,5.250000000000000000e+02
5.097850000000000392e+01,2.602510000000000190e+01,1.458270000000000088e+01,1.070000000000000000e+02,2.450000000000000000e+02
9.422800000000000509e+00,4.366619999999999635e+01,2.808699999999999974e+00,3.500000000000000000e+01,4.380000000000000000e+02
3.453540000000000276e+01,2.049930000000000163e+01,3.784120000000000061e+01,4.000000000000000000e+01,4.630000000000000000e+02
3.094279999999999831e+01,1.426560000000000095e+01,7.877199999999999136e+01,1.230000000000000000e+02,4.640000000000000000e+02
2.407509999999999906e+01,4.948140000000000072e+01,1.695139999999999958e+01,1.050000000000000000e+02,4.970000000000000000e+02
2.203720000000000212e+01,4.939479999999999649e+01,2.829499999999999904e+00,7.400000000000000000e+01,4.660000000000000000e+02
1.865099999999999980e+01,4.748109999999999786e+01,9.619699999999999918e+00,5.100000000000000000e+01,2.170000000000000000e+02
4.420259999999999678e+01,2.492749999999999844e+01,3.119199999999999662e+01,4.600000000000000000e+01,1.290000000000000000e+02
2.857120000000000104e+01,4.332939999999999969e+01,3.112449999999999761e+01,3.100000000000000000e+01,3.190000000000000000e+02
1.660790000000000077e+01,4.285399999999999920e+01,2.957600000000000229e+00,5.200000000000000000e+01,2.060000000000000000e+02
1.835410000000000252e+01,3.323439999999999372e+01,6.679760000000000275e+01,1.280000000000000000e+02,1.630000000000000000e+02
2.153170000000000073e+01,2.357659999999999911e+01,4.667709999999999582e+01,2.200000000000000000e+01,4.720000000000000000e+02
7.935399999999999565e+00,2.073629999999999995e+01,2.003369999999999962e+01,2.000000000000000000e+00,4.730000000000000000e+02
4.285499999999999865e+00,2.941819999999999879e+01,1.006230000000000047e+01,1.900000000000000000e+01,3.150000000000000000e+02
4.883159999999999457e+01,3.438419999999999987e+01,3.747900000000000009e+00,1.060000000000000000e+02,4.750000000000000000e+02
4.492040000000000077e+01,3.264929999999999666e+01,3.036289999999999978e+01,5.700000000000000000e+01,5.700000000000000000e+01
6.300500000000000433e+00,2.425570000000000093e+01,1.942500000000000071e+01,2.000000000000000000e+00,4.770000000000000000e+02
4.359170000000000300e+01,1.260539999999999949e+01,8.234400000000000830e+00,6.800000000000000000e+01,3.570000000000000000e+02
5.716999999999999638e+00,2.851369999999999649e+01,2.078960000000000008e+01,8.000000000000000000e+00,2.810000000000000000e+02
3.876330000000000098e+01,2.431030000000000157e+01,3.123819999999999908e+01,3.900000000000000000e+01,2.840000000000000000e+02
2.276170000000000115e+01,3.997959999999999781e+01,3.116079999999999828e+01,1.600000000000000000e+01,4.450000000000000000e+02
4.621849999999999881e+01,1.372380000000000067e+01,1.343100000000000094e+01,6.800000000000000000e+01,4.260000000000000000e+02
2.803959999999999653e+01,3.981150000000000233e+01,3.000000000000000000e+00,6.500000000000000000e+01,4.980000000000000000e+02
1.566510000000000069e+01,2.937279999999999802e+01,3.008500000000000174e+00,8.300000000000000000e+01,3.340000000000000000e+02
2.119849999999999923e+01,1.816629999999999967e+01,3.149940000000000140e+01,6.000000000000000000e+00,1.600000000000000000e+01
3.871289999999999765e+01,2.785770000000000124e+01,7.293640000000000612e+01,9.600000000000000000e+01,2.790000000000000000e+02
4.830280000000000484e+01,2.256180000000000163e+01,4.980599999999999916e+00,8.600000000000000000e+01,2.350000000000000000e+02
2.429939999999999856e+01,3.356770000000000209e+01,4.922109999999999985e+01,7.800000000000000000e+01,4.560000000000000000e+02
2.793860000000000099e+01,4.244879999999999853e+01,8.021160000000000423e+01,1.610000000000000000e+02,6.100000000000000000e+01
8.284900000000000375e+00,1.572909999999999897e+01,1.410849999999999937e+01,1.400000000000000000e+01,2.770000000000000000e+02
1.745370000000000132e+01,2.681600000000000250e+01,7.209029999999999916e+01,1.210000000000000000e+02,2.550000000000000000e+02
1.341080000000000005e+01,2.366659999999999897e+01,8.355500000000000682e+01,1.290000000000000000e+02,2.180000000000000000e+02
3.387989999999999924e+01,4.672220000000000084e+01,2.242089999999999961e+01,4.300000000000000000e+01,6.000000000000000000e+00
1.537179999999999858e+01,2.029449999999999932e+01,6.346840000000000259e+01,1.430000000000000000e+02,4.010000000000000000e+02
5.962299999999999933e+00,3.468840000000000146e+01,2.816400000000000237e+00,2.700000000000000000e+01,3.110000000000000000e+02
4.666709999999999781e+01,3.505219999999999914e+01,2.094159999999999755e+01,6.600000000000000000e+01,1.580000000000000000e+02
1.794620000000000104e+01,4.642279999999999518e+01,1.873789999999999978e+01,1.050000000000000000e+02,4.650000000000000000e+02
2.299670000000000059e+01,4.123939999999999628e+01,3.084799999999999986e+00,6.500000000000000000e+01,4.030000000000000000e+02
4.160249999999999915e+01,2.656680000000000064e+01,3.080799999999999983e+00,9.300000000000000000e+01,9.700000000000000000e+01
4.813589999999999947e+01,2.433289999999999864e+01,2.194129999999999825e+01,5.600000000000000000e+01,5.000000000000000000e+02
4.028229999999999933e+01,4.412619999999999720e+01,5.929599999999999760e+00,9.800000000000000000e+01,3.020000000000000000e+02
3.472619999999999862e+01,3.767349999999999710e+01,7.475929999999999609e+01,1.590000000000000000e+02,4.120000000000000000e+02
4.702080000000000126e+01,1.666420000000000101e+01,9.982299999999998619e+00,7.700000000000000000e+01,7.600000000000000000e+01
1.762069999999999936e+01,1.784029999999999916e+01,3.061799999999999855e+00,3.400000000000000000e+01,9.000000000000000000e+01
1.408750000000000036e+01,1.697780000000000200e+01,3.119810000000000016e+01,1.000000000000000000e+00,3.270000000000000000e+02
1.926679999999999993e+01,3.926539999999999964e+01,3.097599999999999909e+00,5.200000000000000000e+01,5.190000000000000000e+02
1.669800000000000040e+01,7.103200000000000180e+00,2.898099999999999898e+00,4.900000000000000000e+01,5.070000000000000000e+02
2.618519999999999825e+01,5.159660000000000224e+01,1.268680000000000163e+01,9.900000000000000000e+01,4.000000000000000000e+01
2.084149999999999991e+01,3.032619999999999649e+01,5.553390000000000271e+01,8.800000000000000000e+01,2.890000000000000000e+02
3.882829999999999870e+01,7.638200000000000323e+00,3.258399999999999963e+00,8.100000000000000000e+01,5.100000000000000000e+02
2.698820000000000263e+01,1.557830000000000048e+01,6.134680000000000177e+01,1.150000000000000000e+02,2.620000000000000000e+02
2.228869999999999862e+01,3.167809999999999704e+01,5.202689999999999770e+01,8.800000000000000000e+01,9.300000000000000000e+01
1.594379999999999953e+01,2.377599999999999980e+01,6.203410000000000224e+01,1.390000000000000000e+02,4.200000000000000000e+01
1.924299999999999855e+01,2.193309999999999960e+01,6.730859999999999843e+01,1.180000000000000000e+02,5.240000000000000000e+02
3.524300000000000210e+01,2.081030000000000157e+01,7.213840000000000430e+01,1.170000000000000000e+02,5.150000000000000000e+02
1.987790000000000035e+01,8.486599999999999255e+00,8.280499999999999972e+00,6.000000000000000000e+01,2.140000000000000000e+02
3.304169999999999874e+01,3.726360000000000383e+01,3.173679999999999879e+01,5.400000000000000000e+01,1.860000000000000000e+02
2.279250000000000043e+01,3.014150000000000063e+01,6.729569999999999652e+01,1.250000000000000000e+02,1.080000000000000000e+02
2.130469999999999686e+01,4.471529999999999916e+01,2.960099999999999731e+00,5.200000000000000000e+01,5.060000000000000000e+02
2.936449999999999960e+01,2.537539999999999907e+01,6.660970000000000368e+01,1.200000000000000000e+02,1.960000000000000000e+02
2.123489999999999966e+01,1.467090000000000138e+01,8.451839999999999975e+01,1.240000000000000000e+02,3.470000000000000000e+02
2.595560000000000045e+01,5.162049999999999983e+01,3.136800000000000033e+00,7.400000000000000000e+01,5.220000000000000000e+02
4.214699999999999847e+01,2.353709999999999880e+01,6.448610000000000753e+01,1.010000000000000000e+02,1.970000000000000000e+02
2.030079999999999885e+01,2.324690000000000012e+01,7.070850000000000080e+01,1.180000000000000000e+02,5.140000000000000000e+02
3.053580000000000183e+01,4.594389999999999930e+01,2.964199999999999946e+00,8.200000000000000000e+01,4.600000000000000000e+02
4.987890000000000157e+01,2.711769999999999925e+01,1.991550000000000153e+01,5.600000000000000000e+01,5.260000000000000000e+02
1.960229999999999961e+01,2.931709999999999994e+01,9.450279999999999347e+01,1.400000000000000000e+02,5.270000000000000000e+02
3.179029999999999845e+01,3.300779999999999603e+01,5.046899999999999409e+01,5.900000000000000000e+01,5.280000000000000000e+02
1.171860000000000035e+01,2.620270000000000010e+01,3.059400000000000119e+00,1.800000000000000000e+01,5.290000000000000000e+02
4.322259999999999991e+01,1.506790000000000163e+01,2.927599999999999980e+00,8.700000000000000000e+01,1.170000000000000000e+02
3.356060000000000088e+01,2.259730000000000061e+01,4.394870000000000232e+01,4.000000000000000000e+01,1.240000000000000000e+02
1.074949999999999939e+01,1.690780000000000172e+01,6.497899999999999565e+00,2.100000000000000000e+01,3.000000000000000000e+01
3.646929999999999694e+01,3.410860000000000269e+01,3.280859999999999843e+01,6.900000000000000000e+01,3.980000000000000000e+02
2.954629999999999868e+01,1.523629999999999995e+01,7.484130000000000393e+01,1.190000000000000000e+02,5.340000000000000000e+02
3.802080000000000126e+01,4.713810000000000144e+01,3.928600000000000314e+00,9.100000000000000000e+01,3.710000000000000000e+02
3.049330000000000140e+01,4.996459999999999724e+01,2.844700000000000006e+00,8.200000000000000000e+01,1.800000000000000000e+01
3.590439999999999543e+01,2.053490000000000038e+01,3.390500000000000114e+01,3.300000000000000000e+01,2.280000000000000000e+02
1.983769999999999811e+01,3.060300000000000153e+01,7.063790000000000191e+01,1.250000000000000000e+02,7.700000000000000000e+01
6.988299999999999734e+00,2.897870000000000346e+01,7.177600000000000868e+00,1.900000000000000000e+01,1.540000000000000000e+02
3.073250000000000171e+01,3.988389999999999702e+01,6.234079999999999444e+01,1.410000000000000000e+02,1.250000000000000000e+02
3.061329999999999885e+01,8.485400000000000276e+00,2.731339999999999790e+01,2.400000000000000000e+01,2.400000000000000000e+02
4.612299999999999756e+01,3.717940000000000111e+01,2.876700000000000035e+00,1.060000000000000000e+02,2.290000000000000000e+02
1.081740000000000101e+01,1.876839999999999975e+01,2.940600000000000325e+00,2.600000000000000000e+01,3.580000000000000000e+02
